index,store,product,sales,date,price,AGE60,EDUC,ETHNIC,INCOME,HHLARGE,WORKWOM,HVAL150,SSTRDIST,SSTRVOL,CPDIST5,CPWVOL5
84,2,tropicana,12415,2019-11-04,2.58,0.232864734,0.248934934,0.114279949,10.55320518,0.103953406,0.303585347,0.463887065,2.110122129,1.142857143,1.927279669,0.376926613
85,2,tropicana,5375,2019-11-11,3.19,0.232864734,0.248934934,0.114279949,10.55320518,0.103953406,0.303585347,0.463887065,2.110122129,1.142857143,1.927279669,0.376926613
86,2,tropicana,9792,2019-11-18,2.67,0.232864734,0.248934934,0.114279949,10.55320518,0.103953406,0.303585347,0.463887065,2.110122129,1.142857143,1.927279669,0.376926613
87,2,tropicana,16959,2019-11-25,2.39,0.232864734,0.248934934,0.114279949,10.55320518,0.103953406,0.303585347,0.463887065,2.110122129,1.142857143,1.927279669,0.376926613
194,2,minute.maid,12415,2019-11-04,2.12,0.232864734,0.248934934,0.114279949,10.55320518,0.103953406,0.303585347,0.463887065,2.110122129,1.142857143,1.927279669,0.376926613
195,2,minute.maid,5375,2019-11-11,2.79,0.232864734,0.248934934,0.114279949,10.55320518,0.103953406,0.303585347,0.463887065,2.110122129,1.142857143,1.927279669,0.376926613
196,2,minute.maid,19007,2019-11-18,2.09,0.232864734,0.248934934,0.114279949,10.55320518,0.103953406,0.303585347,0.463887065,2.110122129,1.142857143,1.927279669,0.376926613
197,2,minute.maid,3904,2019-11-25,2.79,0.232864734,0.248934934,0.114279949,10.55320518,0.103953406,0.303585347,0.463887065,2.110122129,1.142857143,1.927279669,0.376926613
304,2,dominicks,8767,2019-11-04,1.48,0.232864734,0.248934934,0.114279949,10.55320518,0.103953406,0.303585347,0.463887065,2.110122129,1.142857143,1.927279669,0.376926613
305,2,dominicks,70848,2019-11-11,1.29,0.232864734,0.248934934,0.114279949,10.55320518,0.103953406,0.303585347,0.463887065,2.110122129,1.142857143,1.927279669,0.376926613
306,2,dominicks,18559,2019-11-18,1.42,0.232864734,0.248934934,0.114279949,10.55320518,0.103953406,0.303585347,0.463887065,2.110122129,1.142857143,1.927279669,0.376926613
307,2,dominicks,9152,2019-11-25,1.99,0.232864734,0.248934934,0.114279949,10.55320518,0.103953406,0.303585347,0.463887065,2.110122129,1.142857143,1.927279669,0.376926613
421,5,tropicana,14144,2019-11-04,2.5,0.117368032,0.32122573,0.053875277,10.92237097,0.103091585,0.410568032,0.535883355,3.801997814,0.681818182,1.600573425,0.736306837
422,5,tropicana,9600,2019-11-11,2.99,0.117368032,0.32122573,0.053875277,10.92237097,0.103091585,0.410568032,0.535883355,3.801997814,0.681818182,1.600573425,0.736306837
423,5,tropicana,10111,2019-11-18,2.99,0.117368032,0.32122573,0.053875277,10.92237097,0.103091585,0.410568032,0.535883355,3.801997814,0.681818182,1.600573425,0.736306837
424,5,tropicana,31871,2019-11-25,2.24,0.117368032,0.32122573,0.053875277,10.92237097,0.103091585,0.410568032,0.535883355,3.801997814,0.681818182,1.600573425,0.736306837
537,5,minute.maid,12928,2019-11-04,1.99,0.117368032,0.32122573,0.053875277,10.92237097,0.103091585,0.410568032,0.535883355,3.801997814,0.681818182,1.600573425,0.736306837
538,5,minute.maid,7424,2019-11-11,2.66,0.117368032,0.32122573,0.053875277,10.92237097,0.103091585,0.410568032,0.535883355,3.801997814,0.681818182,1.600573425,0.736306837
539,5,minute.maid,34175,2019-11-18,1.99,0.117368032,0.32122573,0.053875277,10.92237097,0.103091585,0.410568032,0.535883355,3.801997814,0.681818182,1.600573425,0.736306837
540,5,minute.maid,4159,2019-11-25,2.66,0.117368032,0.32122573,0.053875277,10.92237097,0.103091585,0.410568032,0.535883355,3.801997814,0.681818182,1.600573425,0.736306837
653,5,dominicks,13183,2019-11-04,1.58,0.117368032,0.32122573,0.053875277,10.92237097,0.103091585,0.410568032,0.535883355,3.801997814,0.681818182,1.600573425,0.736306837
654,5,dominicks,67712,2019-11-11,1.29,0.117368032,0.32122573,0.053875277,10.92237097,0.103091585,0.410568032,0.535883355,3.801997814,0.681818182,1.600573425,0.736306837
655,5,dominicks,18880,2019-11-18,1.29,0.117368032,0.32122573,0.053875277,10.92237097,0.103091585,0.410568032,0.535883355,3.801997814,0.681818182,1.600573425,0.736306837
656,5,dominicks,6208,2019-11-25,1.89,0.117368032,0.32122573,0.053875277,10.92237097,0.103091585,0.410568032,0.535883355,3.801997814,0.681818182,1.600573425,0.736306837
771,8,tropicana,16191,2019-11-04,2.5,0.252394035,0.095173274,0.035243328,10.59700966,0.131749698,0.283074736,0.054227156,2.636332801,1.5,2.905384316,0.641015947
772,8,tropicana,6528,2019-11-11,2.89,0.252394035,0.095173274,0.035243328,10.59700966,0.131749698,0.283074736,0.054227156,2.636332801,1.5,2.905384316,0.641015947
773,8,tropicana,8320,2019-11-18,2.89,0.252394035,0.095173274,0.035243328,10.59700966,0.131749698,0.283074736,0.054227156,2.636332801,1.5,2.905384316,0.641015947
774,8,tropicana,30783,2019-11-25,2.16,0.252394035,0.095173274,0.035243328,10.59700966,0.131749698,0.283074736,0.054227156,2.636332801,1.5,2.905384316,0.641015947
889,8,minute.maid,22400,2019-11-04,1.99,0.252394035,0.095173274,0.035243328,10.59700966,0.131749698,0.283074736,0.054227156,2.636332801,1.5,2.905384316,0.641015947
890,8,minute.maid,7807,2019-11-11,2.39,0.252394035,0.095173274,0.035243328,10.59700966,0.131749698,0.283074736,0.054227156,2.636332801,1.5,2.905384316,0.641015947
891,8,minute.maid,48064,2019-11-18,1.79,0.252394035,0.095173274,0.035243328,10.59700966,0.131749698,0.283074736,0.054227156,2.636332801,1.5,2.905384316,0.641015947
892,8,minute.maid,7360,2019-11-25,2.39,0.252394035,0.095173274,0.035243328,10.59700966,0.131749698,0.283074736,0.054227156,2.636332801,1.5,2.905384316,0.641015947
1007,8,dominicks,14591,2019-11-04,1.58,0.252394035,0.095173274,0.035243328,10.59700966,0.131749698,0.283074736,0.054227156,2.636332801,1.5,2.905384316,0.641015947
1008,8,dominicks,145087,2019-11-11,1.29,0.252394035,0.095173274,0.035243328,10.59700966,0.131749698,0.283074736,0.054227156,2.636332801,1.5,2.905384316,0.641015947
1009,8,dominicks,43711,2019-11-18,1.29,0.252394035,0.095173274,0.035243328,10.59700966,0.131749698,0.283074736,0.054227156,2.636332801,1.5,2.905384316,0.641015947
1010,8,dominicks,20608,2019-11-25,1.69,0.252394035,0.095173274,0.035243328,10.59700966,0.131749698,0.283074736,0.054227156,2.636332801,1.5,2.905384316,0.641015947
1125,9,tropicana,16384,2019-11-04,2.5,0.269119018,0.222172318,0.032618826,10.78715178,0.096830474,0.358994501,0.505747126,1.103278736,0.666666667,1.820474337,0.441268272
1126,9,tropicana,7168,2019-11-11,2.99,0.269119018,0.222172318,0.032618826,10.78715178,0.096830474,0.358994501,0.505747126,1.103278736,0.666666667,1.820474337,0.441268272
1127,9,tropicana,9984,2019-11-18,2.99,0.269119018,0.222172318,0.032618826,10.78715178,0.096830474,0.358994501,0.505747126,1.103278736,0.666666667,1.820474337,0.441268272
1128,9,tropicana,45951,2019-11-25,2.24,0.269119018,0.222172318,0.032618826,10.78715178,0.096830474,0.358994501,0.505747126,1.103278736,0.666666667,1.820474337,0.441268272
1242,9,minute.maid,7104,2019-11-04,1.99,0.269119018,0.222172318,0.032618826,10.78715178,0.096830474,0.358994501,0.505747126,1.103278736,0.666666667,1.820474337,0.441268272
1243,9,minute.maid,3775,2019-11-11,2.66,0.269119018,0.222172318,0.032618826,10.78715178,0.096830474,0.358994501,0.505747126,1.103278736,0.666666667,1.820474337,0.441268272
1244,9,minute.maid,40576,2019-11-18,1.99,0.269119018,0.222172318,0.032618826,10.78715178,0.096830474,0.358994501,0.505747126,1.103278736,0.666666667,1.820474337,0.441268272
1245,9,minute.maid,2879,2019-11-25,2.66,0.269119018,0.222172318,0.032618826,10.78715178,0.096830474,0.358994501,0.505747126,1.103278736,0.666666667,1.820474337,0.441268272
1359,9,dominicks,26496,2019-11-04,1.58,0.269119018,0.222172318,0.032618826,10.78715178,0.096830474,0.358994501,0.505747126,1.103278736,0.666666667,1.820474337,0.441268272
1360,9,dominicks,72576,2019-11-11,1.29,0.269119018,0.222172318,0.032618826,10.78715178,0.096830474,0.358994501,0.505747126,1.103278736,0.666666667,1.820474337,0.441268272
1361,9,dominicks,8256,2019-11-18,1.29,0.269119018,0.222172318,0.032618826,10.78715178,0.096830474,0.358994501,0.505747126,1.103278736,0.666666667,1.820474337,0.441268272
1362,9,dominicks,6720,2019-11-25,1.89,0.269119018,0.222172318,0.032618826,10.78715178,0.096830474,0.358994501,0.505747126,1.103278736,0.666666667,1.820474337,0.441268272
1472,12,tropicana,16255,2019-11-04,2.5,0.178341405,0.253412969,0.380697988,9.996659083,0.057212416,0.390941597,0.386627907,9.198733552,1.111111111,0.83930322,0.10599881
1473,12,tropicana,6656,2019-11-11,3.19,0.178341405,0.253412969,0.380697988,9.996659083,0.057212416,0.390941597,0.386627907,9.198733552,1.111111111,0.83930322,0.10599881
1474,12,tropicana,12223,2019-11-18,3.19,0.178341405,0.253412969,0.380697988,9.996659083,0.057212416,0.390941597,0.386627907,9.198733552,1.111111111,0.83930322,0.10599881
1475,12,tropicana,44095,2019-11-25,2.39,0.178341405,0.253412969,0.380697988,9.996659083,0.057212416,0.390941597,0.386627907,9.198733552,1.111111111,0.83930322,0.10599881
1587,12,minute.maid,28992,2019-11-04,1.99,0.178341405,0.253412969,0.380697988,9.996659083,0.057212416,0.390941597,0.386627907,9.198733552,1.111111111,0.83930322,0.10599881
1588,12,minute.maid,8960,2019-11-11,2.79,0.178341405,0.253412969,0.380697988,9.996659083,0.057212416,0.390941597,0.386627907,9.198733552,1.111111111,0.83930322,0.10599881
1589,12,minute.maid,44607,2019-11-18,2.09,0.178341405,0.253412969,0.380697988,9.996659083,0.057212416,0.390941597,0.386627907,9.198733552,1.111111111,0.83930322,0.10599881
1590,12,minute.maid,4223,2019-11-25,2.79,0.178341405,0.253412969,0.380697988,9.996659083,0.057212416,0.390941597,0.386627907,9.198733552,1.111111111,0.83930322,0.10599881
1702,12,dominicks,25215,2019-11-04,1.58,0.178341405,0.253412969,0.380697988,9.996659083,0.057212416,0.390941597,0.386627907,9.198733552,1.111111111,0.83930322,0.10599881
1703,12,dominicks,100160,2019-11-11,1.29,0.178341405,0.253412969,0.380697988,9.996659083,0.057212416,0.390941597,0.386627907,9.198733552,1.111111111,0.83930322,0.10599881
1704,12,dominicks,21952,2019-11-18,1.29,0.178341405,0.253412969,0.380697988,9.996659083,0.057212416,0.390941597,0.386627907,9.198733552,1.111111111,0.83930322,0.10599881
1705,12,dominicks,12415,2019-11-25,1.99,0.178341405,0.253412969,0.380697988,9.996659083,0.057212416,0.390941597,0.386627907,9.198733552,1.111111111,0.83930322,0.10599881
1821,14,tropicana,17536,2019-11-04,2.5,0.213949275,0.348293024,0.034178744,11.04392933,0.107894294,0.362305746,0.750769908,3.320947571,0.75,2.359891293,0.73181003
1822,14,tropicana,10176,2019-11-11,3.19,0.213949275,0.348293024,0.034178744,11.04392933,0.107894294,0.362305746,0.750769908,3.320947571,0.75,2.359891293,0.73181003
1823,14,tropicana,14847,2019-11-18,3.19,0.213949275,0.348293024,0.034178744,11.04392933,0.107894294,0.362305746,0.750769908,3.320947571,0.75,2.359891293,0.73181003
1824,14,tropicana,35712,2019-11-25,2.39,0.213949275,0.348293024,0.034178744,11.04392933,0.107894294,0.362305746,0.750769908,3.320947571,0.75,2.359891293,0.73181003
1938,14,minute.maid,13055,2019-11-04,1.99,0.213949275,0.348293024,0.034178744,11.04392933,0.107894294,0.362305746,0.750769908,3.320947571,0.75,2.359891293,0.73181003
1939,14,minute.maid,6080,2019-11-11,2.79,0.213949275,0.348293024,0.034178744,11.04392933,0.107894294,0.362305746,0.750769908,3.320947571,0.75,2.359891293,0.73181003
1940,14,minute.maid,26559,2019-11-18,2.09,0.213949275,0.348293024,0.034178744,11.04392933,0.107894294,0.362305746,0.750769908,3.320947571,0.75,2.359891293,0.73181003
1941,14,minute.maid,4223,2019-11-25,2.79,0.213949275,0.348293024,0.034178744,11.04392933,0.107894294,0.362305746,0.750769908,3.320947571,0.75,2.359891293,0.73181003
2055,14,dominicks,8767,2019-11-04,1.58,0.213949275,0.348293024,0.034178744,11.04392933,0.107894294,0.362305746,0.750769908,3.320947571,0.75,2.359891293,0.73181003
2056,14,dominicks,45760,2019-11-11,1.29,0.213949275,0.348293024,0.034178744,11.04392933,0.107894294,0.362305746,0.750769908,3.320947571,0.75,2.359891293,0.73181003
2057,14,dominicks,12800,2019-11-18,1.29,0.213949275,0.348293024,0.034178744,11.04392933,0.107894294,0.362305746,0.750769908,3.320947571,0.75,2.359891293,0.73181003
2058,14,dominicks,7744,2019-11-25,1.99,0.213949275,0.348293024,0.034178744,11.04392933,0.107894294,0.362305746,0.750769908,3.320947571,0.75,2.359891293,0.73181003
2171,18,tropicana,18111,2019-11-04,2.5,0.272313368,0.072246456,0.074417144,10.39197554,0.097937631,0.313907719,0.093351946,1.980307092,0.666666667,1.684315129,0.154224764
2172,18,tropicana,9024,2019-11-11,2.89,0.272313368,0.072246456,0.074417144,10.39197554,0.097937631,0.313907719,0.093351946,1.980307092,0.666666667,1.684315129,0.154224764
2173,18,tropicana,10559,2019-11-18,2.89,0.272313368,0.072246456,0.074417144,10.39197554,0.097937631,0.313907719,0.093351946,1.980307092,0.666666667,1.684315129,0.154224764
2174,18,tropicana,36736,2019-11-25,2.16,0.272313368,0.072246456,0.074417144,10.39197554,0.097937631,0.313907719,0.093351946,1.980307092,0.666666667,1.684315129,0.154224764
2283,18,minute.maid,17984,2019-11-04,1.99,0.272313368,0.072246456,0.074417144,10.39197554,0.097937631,0.313907719,0.093351946,1.980307092,0.666666667,1.684315129,0.154224764
2284,18,minute.maid,8896,2019-11-11,2.39,0.272313368,0.072246456,0.074417144,10.39197554,0.097937631,0.313907719,0.093351946,1.980307092,0.666666667,1.684315129,0.154224764
2285,18,minute.maid,29824,2019-11-18,1.79,0.272313368,0.072246456,0.074417144,10.39197554,0.097937631,0.313907719,0.093351946,1.980307092,0.666666667,1.684315129,0.154224764
2286,18,minute.maid,6208,2019-11-25,2.39,0.272313368,0.072246456,0.074417144,10.39197554,0.097937631,0.313907719,0.093351946,1.980307092,0.666666667,1.684315129,0.154224764
2395,18,dominicks,19711,2019-11-04,1.58,0.272313368,0.072246456,0.074417144,10.39197554,0.097937631,0.313907719,0.093351946,1.980307092,0.666666667,1.684315129,0.154224764
2396,18,dominicks,82880,2019-11-11,1.29,0.272313368,0.072246456,0.074417144,10.39197554,0.097937631,0.313907719,0.093351946,1.980307092,0.666666667,1.684315129,0.154224764
2397,18,dominicks,38400,2019-11-18,1.29,0.272313368,0.072246456,0.074417144,10.39197554,0.097937631,0.313907719,0.093351946,1.980307092,0.666666667,1.684315129,0.154224764
2398,18,dominicks,13567,2019-11-25,1.69,0.272313368,0.072246456,0.074417144,10.39197554,0.097937631,0.313907719,0.093351946,1.980307092,0.666666667,1.684315129,0.154224764
2509,21,tropicana,6016,2019-11-04,2.52,0.066896458,0.17750345,0.105038777,10.71619397,0.164179104,0.406070931,0.123485737,0.267524672,1.05,1.953944431,0.602073176
2510,21,tropicana,5632,2019-11-11,2.59,0.066896458,0.17750345,0.105038777,10.71619397,0.164179104,0.406070931,0.123485737,0.267524672,1.05,1.953944431,0.602073176
2511,21,tropicana,6144,2019-11-18,2.24,0.066896458,0.17750345,0.105038777,10.71619397,0.164179104,0.406070931,0.123485737,0.267524672,1.05,1.953944431,0.602073176
2512,21,tropicana,27711,2019-11-25,1.94,0.066896458,0.17750345,0.105038777,10.71619397,0.164179104,0.406070931,0.123485737,0.267524672,1.05,1.953944431,0.602073176
2629,21,minute.maid,6656,2019-11-04,2.04,0.066896458,0.17750345,0.105038777,10.71619397,0.164179104,0.406070931,0.123485737,0.267524672,1.05,1.953944431,0.602073176
2630,21,minute.maid,4864,2019-11-11,2.25,0.066896458,0.17750345,0.105038777,10.71619397,0.164179104,0.406070931,0.123485737,0.267524672,1.05,1.953944431,0.602073176
2631,21,minute.maid,27328,2019-11-18,1.68,0.066896458,0.17750345,0.105038777,10.71619397,0.164179104,0.406070931,0.123485737,0.267524672,1.05,1.953944431,0.602073176
2632,21,minute.maid,3328,2019-11-25,2.25,0.066896458,0.17750345,0.105038777,10.71619397,0.164179104,0.406070931,0.123485737,0.267524672,1.05,1.953944431,0.602073176
2749,21,dominicks,15999,2019-11-04,1.43,0.066896458,0.17750345,0.105038777,10.71619397,0.164179104,0.406070931,0.123485737,0.267524672,1.05,1.953944431,0.602073176
2750,21,dominicks,70848,2019-11-11,1.29,0.066896458,0.17750345,0.105038777,10.71619397,0.164179104,0.406070931,0.123485737,0.267524672,1.05,1.953944431,0.602073176
2751,21,dominicks,14976,2019-11-18,1.34,0.066896458,0.17750345,0.105038777,10.71619397,0.164179104,0.406070931,0.123485737,0.267524672,1.05,1.953944431,0.602073176
2752,21,dominicks,12223,2019-11-25,1.59,0.066896458,0.17750345,0.105038777,10.71619397,0.164179104,0.406070931,0.123485737,0.267524672,1.05,1.953944431,0.602073176
2868,28,tropicana,7039,2019-11-04,2.5,0.213308785,0.233162564,0.055935473,10.79853422,0.103665655,0.389058524,0.445140033,2.912922287,1.727272727,1.820776686,0.814221001
2869,28,tropicana,3967,2019-11-11,2.99,0.213308785,0.233162564,0.055935473,10.79853422,0.103665655,0.389058524,0.445140033,2.912922287,1.727272727,1.820776686,0.814221001
2870,28,tropicana,5183,2019-11-18,2.99,0.213308785,0.233162564,0.055935473,10.79853422,0.103665655,0.389058524,0.445140033,2.912922287,1.727272727,1.820776686,0.814221001
2871,28,tropicana,6656,2019-11-25,2.24,0.213308785,0.233162564,0.055935473,10.79853422,0.103665655,0.389058524,0.445140033,2.912922287,1.727272727,1.820776686,0.814221001
2985,28,minute.maid,6144,2019-11-04,1.99,0.213308785,0.233162564,0.055935473,10.79853422,0.103665655,0.389058524,0.445140033,2.912922287,1.727272727,1.820776686,0.814221001
2986,28,minute.maid,4352,2019-11-11,2.66,0.213308785,0.233162564,0.055935473,10.79853422,0.103665655,0.389058524,0.445140033,2.912922287,1.727272727,1.820776686,0.814221001
2987,28,minute.maid,15231,2019-11-18,1.99,0.213308785,0.233162564,0.055935473,10.79853422,0.103665655,0.389058524,0.445140033,2.912922287,1.727272727,1.820776686,0.814221001
2988,28,minute.maid,2304,2019-11-25,2.66,0.213308785,0.233162564,0.055935473,10.79853422,0.103665655,0.389058524,0.445140033,2.912922287,1.727272727,1.820776686,0.814221001
3102,28,dominicks,4223,2019-11-04,1.58,0.213308785,0.233162564,0.055935473,10.79853422,0.103665655,0.389058524,0.445140033,2.912922287,1.727272727,1.820776686,0.814221001
3103,28,dominicks,25152,2019-11-11,1.29,0.213308785,0.233162564,0.055935473,10.79853422,0.103665655,0.389058524,0.445140033,2.912922287,1.727272727,1.820776686,0.814221001
3104,28,dominicks,6528,2019-11-18,1.29,0.213308785,0.233162564,0.055935473,10.79853422,0.103665655,0.389058524,0.445140033,2.912922287,1.727272727,1.820776686,0.814221001
3105,28,dominicks,2815,2019-11-25,1.89,0.213308785,0.233162564,0.055935473,10.79853422,0.103665655,0.389058524,0.445140033,2.912922287,1.727272727,1.820776686,0.814221001
3221,32,tropicana,31168,2019-11-04,2.5,0.254953032,0.198259861,0.031938514,10.67447502,0.080251365,0.344152081,0.538346427,6.497971979,0.52173913,3.337253941,0.365659802
3222,32,tropicana,8960,2019-11-11,3.19,0.254953032,0.198259861,0.031938514,10.67447502,0.080251365,0.344152081,0.538346427,6.497971979,0.52173913,3.337253941,0.365659802
3223,32,tropicana,11519,2019-11-18,3.19,0.254953032,0.198259861,0.031938514,10.67447502,0.080251365,0.344152081,0.538346427,6.497971979,0.52173913,3.337253941,0.365659802
3224,32,tropicana,33280,2019-11-25,2.39,0.254953032,0.198259861,0.031938514,10.67447502,0.080251365,0.344152081,0.538346427,6.497971979,0.52173913,3.337253941,0.365659802
3341,32,minute.maid,14464,2019-11-04,1.99,0.254953032,0.198259861,0.031938514,10.67447502,0.080251365,0.344152081,0.538346427,6.497971979,0.52173913,3.337253941,0.365659802
3342,32,minute.maid,6720,2019-11-11,2.79,0.254953032,0.198259861,0.031938514,10.67447502,0.080251365,0.344152081,0.538346427,6.497971979,0.52173913,3.337253941,0.365659802
3343,32,minute.maid,42112,2019-11-18,2.09,0.254953032,0.198259861,0.031938514,10.67447502,0.080251365,0.344152081,0.538346427,6.497971979,0.52173913,3.337253941,0.365659802
3344,32,minute.maid,6271,2019-11-25,2.79,0.254953032,0.198259861,0.031938514,10.67447502,0.080251365,0.344152081,0.538346427,6.497971979,0.52173913,3.337253941,0.365659802
3461,32,dominicks,20927,2019-11-04,1.58,0.254953032,0.198259861,0.031938514,10.67447502,0.080251365,0.344152081,0.538346427,6.497971979,0.52173913,3.337253941,0.365659802
3462,32,dominicks,102592,2019-11-11,1.29,0.254953032,0.198259861,0.031938514,10.67447502,0.080251365,0.344152081,0.538346427,6.497971979,0.52173913,3.337253941,0.365659802
3463,32,dominicks,16639,2019-11-18,1.29,0.254953032,0.198259861,0.031938514,10.67447502,0.080251365,0.344152081,0.538346427,6.497971979,0.52173913,3.337253941,0.365659802
3464,32,dominicks,12287,2019-11-25,1.99,0.254953032,0.198259861,0.031938514,10.67447502,0.080251365,0.344152081,0.538346427,6.497971979,0.52173913,3.337253941,0.365659802
3577,33,tropicana,21375,2019-11-04,2.63,0.134169965,0.419688004,0.130127179,10.34592726,0.013506356,0.472308288,0.862559242,3.129556199,2.416666667,0.867215261,0.752824617
3578,33,tropicana,8256,2019-11-11,3.19,0.134169965,0.419688004,0.130127179,10.34592726,0.013506356,0.472308288,0.862559242,3.129556199,2.416666667,0.867215261,0.752824617
3579,33,tropicana,10752,2019-11-18,2.82,0.134169965,0.419688004,0.130127179,10.34592726,0.013506356,0.472308288,0.862559242,3.129556199,2.416666667,0.867215261,0.752824617
3580,33,tropicana,37120,2019-11-25,2.39,0.134169965,0.419688004,0.130127179,10.34592726,0.013506356,0.472308288,0.862559242,3.129556199,2.416666667,0.867215261,0.752824617
3694,33,minute.maid,14272,2019-11-04,2.12,0.134169965,0.419688004,0.130127179,10.34592726,0.013506356,0.472308288,0.862559242,3.129556199,2.416666667,0.867215261,0.752824617
3695,33,minute.maid,5311,2019-11-11,2.78,0.134169965,0.419688004,0.130127179,10.34592726,0.013506356,0.472308288,0.862559242,3.129556199,2.416666667,0.867215261,0.752824617
3696,33,minute.maid,29439,2019-11-18,2.09,0.134169965,0.419688004,0.130127179,10.34592726,0.013506356,0.472308288,0.862559242,3.129556199,2.416666667,0.867215261,0.752824617
3697,33,minute.maid,4736,2019-11-25,2.79,0.134169965,0.419688004,0.130127179,10.34592726,0.013506356,0.472308288,0.862559242,3.129556199,2.416666667,0.867215261,0.752824617
3811,33,dominicks,8384,2019-11-04,1.49,0.134169965,0.419688004,0.130127179,10.34592726,0.013506356,0.472308288,0.862559242,3.129556199,2.416666667,0.867215261,0.752824617
3812,33,dominicks,49280,2019-11-11,1.29,0.134169965,0.419688004,0.130127179,10.34592726,0.013506356,0.472308288,0.862559242,3.129556199,2.416666667,0.867215261,0.752824617
3813,33,dominicks,4288,2019-11-18,1.49,0.134169965,0.419688004,0.130127179,10.34592726,0.013506356,0.472308288,0.862559242,3.129556199,2.416666667,0.867215261,0.752824617
3814,33,dominicks,8960,2019-11-25,1.99,0.134169965,0.419688004,0.130127179,10.34592726,0.013506356,0.472308288,0.862559242,3.129556199,2.416666667,0.867215261,0.752824617
3924,40,tropicana,12991,2019-11-04,2.51,0.1818518,0.072128605,0.044053067,10.55025042,0.126812989,0.306107955,0.068989386,1.086386161,0.4,1.28992007,0.444661211
3925,40,tropicana,6080,2019-11-11,2.59,0.1818518,0.072128605,0.044053067,10.55025042,0.126812989,0.306107955,0.068989386,1.086386161,0.4,1.28992007,0.444661211
3926,40,tropicana,7360,2019-11-18,2.27,0.1818518,0.072128605,0.044053067,10.55025042,0.126812989,0.306107955,0.068989386,1.086386161,0.4,1.28992007,0.444661211
3927,40,tropicana,35071,2019-11-25,1.94,0.1818518,0.072128605,0.044053067,10.55025042,0.126812989,0.306107955,0.068989386,1.086386161,0.4,1.28992007,0.444661211
4037,40,minute.maid,10688,2019-11-04,2.02,0.1818518,0.072128605,0.044053067,10.55025042,0.126812989,0.306107955,0.068989386,1.086386161,0.4,1.28992007,0.444661211
4038,40,minute.maid,5311,2019-11-11,2.25,0.1818518,0.072128605,0.044053067,10.55025042,0.126812989,0.306107955,0.068989386,1.086386161,0.4,1.28992007,0.444661211
4039,40,minute.maid,34815,2019-11-18,1.68,0.1818518,0.072128605,0.044053067,10.55025042,0.126812989,0.306107955,0.068989386,1.086386161,0.4,1.28992007,0.444661211
4040,40,minute.maid,3840,2019-11-25,2.25,0.1818518,0.072128605,0.044053067,10.55025042,0.126812989,0.306107955,0.068989386,1.086386161,0.4,1.28992007,0.444661211
4150,40,dominicks,3456,2019-11-04,1.45,0.1818518,0.072128605,0.044053067,10.55025042,0.126812989,0.306107955,0.068989386,1.086386161,0.4,1.28992007,0.444661211
4151,40,dominicks,75200,2019-11-11,1.29,0.1818518,0.072128605,0.044053067,10.55025042,0.126812989,0.306107955,0.068989386,1.086386161,0.4,1.28992007,0.444661211
4152,40,dominicks,17920,2019-11-18,1.34,0.1818518,0.072128605,0.044053067,10.55025042,0.126812989,0.306107955,0.068989386,1.086386161,0.4,1.28992007,0.444661211
4153,40,dominicks,9727,2019-11-25,1.59,0.1818518,0.072128605,0.044053067,10.55025042,0.126812989,0.306107955,0.068989386,1.086386161,0.4,1.28992007,0.444661211
4266,44,tropicana,11903,2019-11-04,2.64,0.190982776,0.329738388,0.037632074,10.86915875,0.116388096,0.340794382,0.64268521,6.134798707,0.615384615,1.64310311,0.539190205
4267,44,tropicana,11392,2019-11-11,2.99,0.190982776,0.329738388,0.037632074,10.86915875,0.116388096,0.340794382,0.64268521,6.134798707,0.615384615,1.64310311,0.539190205
4268,44,tropicana,12800,2019-11-18,2.61,0.190982776,0.329738388,0.037632074,10.86915875,0.116388096,0.340794382,0.64268521,6.134798707,0.615384615,1.64310311,0.539190205
4269,44,tropicana,50623,2019-11-25,2.24,0.190982776,0.329738388,0.037632074,10.86915875,0.116388096,0.340794382,0.64268521,6.134798707,0.615384615,1.64310311,0.539190205
4382,44,minute.maid,7360,2019-11-04,2.22,0.190982776,0.329738388,0.037632074,10.86915875,0.116388096,0.340794382,0.64268521,6.134798707,0.615384615,1.64310311,0.539190205
4383,44,minute.maid,5952,2019-11-11,2.66,0.190982776,0.329738388,0.037632074,10.86915875,0.116388096,0.340794382,0.64268521,6.134798707,0.615384615,1.64310311,0.539190205
4384,44,minute.maid,26880,2019-11-18,1.99,0.190982776,0.329738388,0.037632074,10.86915875,0.116388096,0.340794382,0.64268521,6.134798707,0.615384615,1.64310311,0.539190205
4385,44,minute.maid,4927,2019-11-25,2.66,0.190982776,0.329738388,0.037632074,10.86915875,0.116388096,0.340794382,0.64268521,6.134798707,0.615384615,1.64310311,0.539190205
4498,44,dominicks,7679,2019-11-04,1.45,0.190982776,0.329738388,0.037632074,10.86915875,0.116388096,0.340794382,0.64268521,6.134798707,0.615384615,1.64310311,0.539190205
4499,44,dominicks,70016,2019-11-11,1.29,0.190982776,0.329738388,0.037632074,10.86915875,0.116388096,0.340794382,0.64268521,6.134798707,0.615384615,1.64310311,0.539190205
4500,44,dominicks,9535,2019-11-18,1.39,0.190982776,0.329738388,0.037632074,10.86915875,0.116388096,0.340794382,0.64268521,6.134798707,0.615384615,1.64310311,0.539190205
4501,44,dominicks,6784,2019-11-25,1.89,0.190982776,0.329738388,0.037632074,10.86915875,0.116388096,0.340794382,0.64268521,6.134798707,0.615384615,1.64310311,0.539190205
4618,45,tropicana,7872,2019-11-04,2.5,0.128857348,0.280150164,0.087233873,10.74537796,0.083717204,0.464112624,0.342017119,3.158816596,1.25,2.891890631,0.887524737
4619,45,tropicana,4352,2019-11-11,2.99,0.128857348,0.280150164,0.087233873,10.74537796,0.083717204,0.464112624,0.342017119,3.158816596,1.25,2.891890631,0.887524737
4620,45,tropicana,6016,2019-11-18,2.99,0.128857348,0.280150164,0.087233873,10.74537796,0.083717204,0.464112624,0.342017119,3.158816596,1.25,2.891890631,0.887524737
4621,45,tropicana,14335,2019-11-25,2.24,0.128857348,0.280150164,0.087233873,10.74537796,0.083717204,0.464112624,0.342017119,3.158816596,1.25,2.891890631,0.887524737
4737,45,minute.maid,8384,2019-11-04,1.99,0.128857348,0.280150164,0.087233873,10.74537796,0.083717204,0.464112624,0.342017119,3.158816596,1.25,2.891890631,0.887524737
4738,45,minute.maid,4159,2019-11-11,2.66,0.128857348,0.280150164,0.087233873,10.74537796,0.083717204,0.464112624,0.342017119,3.158816596,1.25,2.891890631,0.887524737
4739,45,minute.maid,14144,2019-11-18,1.99,0.128857348,0.280150164,0.087233873,10.74537796,0.083717204,0.464112624,0.342017119,3.158816596,1.25,2.891890631,0.887524737
4740,45,minute.maid,2688,2019-11-25,2.66,0.128857348,0.280150164,0.087233873,10.74537796,0.083717204,0.464112624,0.342017119,3.158816596,1.25,2.891890631,0.887524737
4856,45,dominicks,3263,2019-11-04,1.58,0.128857348,0.280150164,0.087233873,10.74537796,0.083717204,0.464112624,0.342017119,3.158816596,1.25,2.891890631,0.887524737
4857,45,dominicks,30464,2019-11-11,1.29,0.128857348,0.280150164,0.087233873,10.74537796,0.083717204,0.464112624,0.342017119,3.158816596,1.25,2.891890631,0.887524737
4858,45,dominicks,7487,2019-11-18,1.29,0.128857348,0.280150164,0.087233873,10.74537796,0.083717204,0.464112624,0.342017119,3.158816596,1.25,2.891890631,0.887524737
4859,45,dominicks,4927,2019-11-25,1.89,0.128857348,0.280150164,0.087233873,10.74537796,0.083717204,0.464112624,0.342017119,3.158816596,1.25,2.891890631,0.887524737
4970,47,tropicana,7104,2019-11-04,2.5,0.125798297,0.140598651,0.120675891,10.63532646,0.145731588,0.398027021,0.335671343,4.910910687,2.028571429,1.967744964,0.794855358
4971,47,tropicana,4159,2019-11-11,2.99,0.125798297,0.140598651,0.120675891,10.63532646,0.145731588,0.398027021,0.335671343,4.910910687,2.028571429,1.967744964,0.794855358
4972,47,tropicana,4543,2019-11-18,2.99,0.125798297,0.140598651,0.120675891,10.63532646,0.145731588,0.398027021,0.335671343,4.910910687,2.028571429,1.967744964,0.794855358
4973,47,tropicana,12287,2019-11-25,2.24,0.125798297,0.140598651,0.120675891,10.63532646,0.145731588,0.398027021,0.335671343,4.910910687,2.028571429,1.967744964,0.794855358
5084,47,minute.maid,11839,2019-11-04,1.99,0.125798297,0.140598651,0.120675891,10.63532646,0.145731588,0.398027021,0.335671343,4.910910687,2.028571429,1.967744964,0.794855358
5085,47,minute.maid,3904,2019-11-11,2.66,0.125798297,0.140598651,0.120675891,10.63532646,0.145731588,0.398027021,0.335671343,4.910910687,2.028571429,1.967744964,0.794855358
5086,47,minute.maid,23808,2019-11-18,1.99,0.125798297,0.140598651,0.120675891,10.63532646,0.145731588,0.398027021,0.335671343,4.910910687,2.028571429,1.967744964,0.794855358
5087,47,minute.maid,3263,2019-11-25,2.66,0.125798297,0.140598651,0.120675891,10.63532646,0.145731588,0.398027021,0.335671343,4.910910687,2.028571429,1.967744964,0.794855358
5198,47,dominicks,9152,2019-11-04,1.58,0.125798297,0.140598651,0.120675891,10.63532646,0.145731588,0.398027021,0.335671343,4.910910687,2.028571429,1.967744964,0.794855358
5199,47,dominicks,54911,2019-11-11,1.29,0.125798297,0.140598651,0.120675891,10.63532646,0.145731588,0.398027021,0.335671343,4.910910687,2.028571429,1.967744964,0.794855358
5200,47,dominicks,9919,2019-11-18,1.29,0.125798297,0.140598651,0.120675891,10.63532646,0.145731588,0.398027021,0.335671343,4.910910687,2.028571429,1.967744964,0.794855358
5201,47,dominicks,8063,2019-11-25,1.89,0.125798297,0.140598651,0.120675891,10.63532646,0.145731588,0.398027021,0.335671343,4.910910687,2.028571429,1.967744964,0.794855358
5315,48,tropicana,9407,2019-11-04,2.5,0.097921961,0.303260384,0.099491703,10.75602879,0.07848683,0.459682823,0.303356282,4.65068687,1.615384615,2.198071182,0.904416734
5316,48,tropicana,5119,2019-11-11,2.99,0.097921961,0.303260384,0.099491703,10.75602879,0.07848683,0.459682823,0.303356282,4.65068687,1.615384615,2.198071182,0.904416734
5317,48,tropicana,6784,2019-11-18,2.99,0.097921961,0.303260384,0.099491703,10.75602879,0.07848683,0.459682823,0.303356282,4.65068687,1.615384615,2.198071182,0.904416734
5318,48,tropicana,15360,2019-11-25,2.24,0.097921961,0.303260384,0.099491703,10.75602879,0.07848683,0.459682823,0.303356282,4.65068687,1.615384615,2.198071182,0.904416734
5433,48,minute.maid,9727,2019-11-04,1.99,0.097921961,0.303260384,0.099491703,10.75602879,0.07848683,0.459682823,0.303356282,4.65068687,1.615384615,2.198071182,0.904416734
5434,48,minute.maid,6336,2019-11-11,2.66,0.097921961,0.303260384,0.099491703,10.75602879,0.07848683,0.459682823,0.303356282,4.65068687,1.615384615,2.198071182,0.904416734
5435,48,minute.maid,16191,2019-11-18,1.99,0.097921961,0.303260384,0.099491703,10.75602879,0.07848683,0.459682823,0.303356282,4.65068687,1.615384615,2.198071182,0.904416734
5436,48,minute.maid,4096,2019-11-25,2.66,0.097921961,0.303260384,0.099491703,10.75602879,0.07848683,0.459682823,0.303356282,4.65068687,1.615384615,2.198071182,0.904416734
5551,48,dominicks,3456,2019-11-04,1.58,0.097921961,0.303260384,0.099491703,10.75602879,0.07848683,0.459682823,0.303356282,4.65068687,1.615384615,2.198071182,0.904416734
5552,48,dominicks,30144,2019-11-11,1.29,0.097921961,0.303260384,0.099491703,10.75602879,0.07848683,0.459682823,0.303356282,4.65068687,1.615384615,2.198071182,0.904416734
5553,48,dominicks,8320,2019-11-18,1.29,0.097921961,0.303260384,0.099491703,10.75602879,0.07848683,0.459682823,0.303356282,4.65068687,1.615384615,2.198071182,0.904416734
5554,48,dominicks,3904,2019-11-25,1.89,0.097921961,0.303260384,0.099491703,10.75602879,0.07848683,0.459682823,0.303356282,4.65068687,1.615384615,2.198071182,0.904416734
5667,49,tropicana,7360,2019-11-04,2.5,0.187473187,0.319949969,0.038352638,10.80675383,0.10247191,0.346411721,0.431708991,3.439418592,2.272727273,1.807235771,0.920568958
5668,49,tropicana,4672,2019-11-11,2.99,0.187473187,0.319949969,0.038352638,10.80675383,0.10247191,0.346411721,0.431708991,3.439418592,2.272727273,1.807235771,0.920568958
5669,49,tropicana,5119,2019-11-18,2.99,0.187473187,0.319949969,0.038352638,10.80675383,0.10247191,0.346411721,0.431708991,3.439418592,2.272727273,1.807235771,0.920568958
5670,49,tropicana,16639,2019-11-25,2.24,0.187473187,0.319949969,0.038352638,10.80675383,0.10247191,0.346411721,0.431708991,3.439418592,2.272727273,1.807235771,0.920568958
5780,49,minute.maid,6528,2019-11-04,1.99,0.187473187,0.319949969,0.038352638,10.80675383,0.10247191,0.346411721,0.431708991,3.439418592,2.272727273,1.807235771,0.920568958
5781,49,minute.maid,4096,2019-11-11,2.66,0.187473187,0.319949969,0.038352638,10.80675383,0.10247191,0.346411721,0.431708991,3.439418592,2.272727273,1.807235771,0.920568958
5782,49,minute.maid,14015,2019-11-18,1.99,0.187473187,0.319949969,0.038352638,10.80675383,0.10247191,0.346411721,0.431708991,3.439418592,2.272727273,1.807235771,0.920568958
5783,49,minute.maid,2431,2019-11-25,2.66,0.187473187,0.319949969,0.038352638,10.80675383,0.10247191,0.346411721,0.431708991,3.439418592,2.272727273,1.807235771,0.920568958
5893,49,dominicks,6080,2019-11-04,1.58,0.187473187,0.319949969,0.038352638,10.80675383,0.10247191,0.346411721,0.431708991,3.439418592,2.272727273,1.807235771,0.920568958
5894,49,dominicks,33152,2019-11-11,1.29,0.187473187,0.319949969,0.038352638,10.80675383,0.10247191,0.346411721,0.431708991,3.439418592,2.272727273,1.807235771,0.920568958
5895,49,dominicks,4032,2019-11-18,1.29,0.187473187,0.319949969,0.038352638,10.80675383,0.10247191,0.346411721,0.431708991,3.439418592,2.272727273,1.807235771,0.920568958
5896,49,dominicks,5056,2019-11-25,1.89,0.187473187,0.319949969,0.038352638,10.80675383,0.10247191,0.346411721,0.431708991,3.439418592,2.272727273,1.807235771,0.920568958
6009,50,tropicana,5760,2019-11-04,2.5,0.153357376,0.128764278,0.07092564,10.58930796,0.111798396,0.3242127,0.240180587,2.767046304,0.727272727,1.939328534,0.470972765
6010,50,tropicana,3712,2019-11-11,2.99,0.153357376,0.128764278,0.07092564,10.58930796,0.111798396,0.3242127,0.240180587,2.767046304,0.727272727,1.939328534,0.470972765
6011,50,tropicana,3456,2019-11-18,2.99,0.153357376,0.128764278,0.07092564,10.58930796,0.111798396,0.3242127,0.240180587,2.767046304,0.727272727,1.939328534,0.470972765
6012,50,tropicana,11519,2019-11-25,2.24,0.153357376,0.128764278,0.07092564,10.58930796,0.111798396,0.3242127,0.240180587,2.767046304,0.727272727,1.939328534,0.470972765
6127,50,minute.maid,7744,2019-11-04,1.99,0.153357376,0.128764278,0.07092564,10.58930796,0.111798396,0.3242127,0.240180587,2.767046304,0.727272727,1.939328534,0.470972765
6128,50,minute.maid,2751,2019-11-11,2.66,0.153357376,0.128764278,0.07092564,10.58930796,0.111798396,0.3242127,0.240180587,2.767046304,0.727272727,1.939328534,0.470972765
6129,50,minute.maid,16191,2019-11-18,1.99,0.153357376,0.128764278,0.07092564,10.58930796,0.111798396,0.3242127,0.240180587,2.767046304,0.727272727,1.939328534,0.470972765
6130,50,minute.maid,1855,2019-11-25,2.66,0.153357376,0.128764278,0.07092564,10.58930796,0.111798396,0.3242127,0.240180587,2.767046304,0.727272727,1.939328534,0.470972765
6245,50,dominicks,5440,2019-11-04,1.58,0.153357376,0.128764278,0.07092564,10.58930796,0.111798396,0.3242127,0.240180587,2.767046304,0.727272727,1.939328534,0.470972765
6246,50,dominicks,30080,2019-11-11,1.29,0.153357376,0.128764278,0.07092564,10.58930796,0.111798396,0.3242127,0.240180587,2.767046304,0.727272727,1.939328534,0.470972765
6247,50,dominicks,9088,2019-11-18,1.29,0.153357376,0.128764278,0.07092564,10.58930796,0.111798396,0.3242127,0.240180587,2.767046304,0.727272727,1.939328534,0.470972765
6248,50,dominicks,2240,2019-11-25,1.89,0.153357376,0.128764278,0.07092564,10.58930796,0.111798396,0.3242127,0.240180587,2.767046304,0.727272727,1.939328534,0.470972765
6357,51,tropicana,12415,2019-11-04,2.5,0.176159718,0.171916711,0.025425719,10.62083942,0.130340815,0.313189796,0.316889001,2.102553804,1.25,2.226766425,0.310202569
6358,51,tropicana,3904,2019-11-11,3.09,0.176159718,0.171916711,0.025425719,10.62083942,0.130340815,0.313189796,0.316889001,2.102553804,1.25,2.226766425,0.310202569
6359,51,tropicana,6656,2019-11-18,3.09,0.176159718,0.171916711,0.025425719,10.62083942,0.130340815,0.313189796,0.316889001,2.102553804,1.25,2.226766425,0.310202569
6360,51,tropicana,16767,2019-11-25,2.31,0.176159718,0.171916711,0.025425719,10.62083942,0.130340815,0.313189796,0.316889001,2.102553804,1.25,2.226766425,0.310202569
6469,51,minute.maid,7744,2019-11-04,1.99,0.176159718,0.171916711,0.025425719,10.62083942,0.130340815,0.313189796,0.316889001,2.102553804,1.25,2.226766425,0.310202569
6470,51,minute.maid,3071,2019-11-11,2.66,0.176159718,0.171916711,0.025425719,10.62083942,0.130340815,0.313189796,0.316889001,2.102553804,1.25,2.226766425,0.310202569
6471,51,minute.maid,23103,2019-11-18,1.99,0.176159718,0.171916711,0.025425719,10.62083942,0.130340815,0.313189796,0.316889001,2.102553804,1.25,2.226766425,0.310202569
6472,51,minute.maid,2496,2019-11-25,2.66,0.176159718,0.171916711,0.025425719,10.62083942,0.130340815,0.313189796,0.316889001,2.102553804,1.25,2.226766425,0.310202569
6581,51,dominicks,4543,2019-11-04,1.58,0.176159718,0.171916711,0.025425719,10.62083942,0.130340815,0.313189796,0.316889001,2.102553804,1.25,2.226766425,0.310202569
6582,51,dominicks,59839,2019-11-11,1.29,0.176159718,0.171916711,0.025425719,10.62083942,0.130340815,0.313189796,0.316889001,2.102553804,1.25,2.226766425,0.310202569
6583,51,dominicks,9280,2019-11-18,1.29,0.176159718,0.171916711,0.025425719,10.62083942,0.130340815,0.313189796,0.316889001,2.102553804,1.25,2.226766425,0.310202569
6584,51,dominicks,5695,2019-11-25,1.89,0.176159718,0.171916711,0.025425719,10.62083942,0.130340815,0.313189796,0.316889001,2.102553804,1.25,2.226766425,0.310202569
6696,52,tropicana,22719,2019-11-04,2.5,0.152241195,0.372927296,0.084898613,11.05101698,0.101976511,0.393476864,0.727728684,4.793439152,1.055555556,2.533671515,0.334511569
6697,52,tropicana,10944,2019-11-11,3.19,0.152241195,0.372927296,0.084898613,11.05101698,0.101976511,0.393476864,0.727728684,4.793439152,1.055555556,2.533671515,0.334511569
6698,52,tropicana,17408,2019-11-18,3.19,0.152241195,0.372927296,0.084898613,11.05101698,0.101976511,0.393476864,0.727728684,4.793439152,1.055555556,2.533671515,0.334511569
6699,52,tropicana,47488,2019-11-25,2.39,0.152241195,0.372927296,0.084898613,11.05101698,0.101976511,0.393476864,0.727728684,4.793439152,1.055555556,2.533671515,0.334511569
6811,52,minute.maid,18432,2019-11-04,1.99,0.152241195,0.372927296,0.084898613,11.05101698,0.101976511,0.393476864,0.727728684,4.793439152,1.055555556,2.533671515,0.334511569
6812,52,minute.maid,8703,2019-11-11,2.79,0.152241195,0.372927296,0.084898613,11.05101698,0.101976511,0.393476864,0.727728684,4.793439152,1.055555556,2.533671515,0.334511569
6813,52,minute.maid,32703,2019-11-18,2.09,0.152241195,0.372927296,0.084898613,11.05101698,0.101976511,0.393476864,0.727728684,4.793439152,1.055555556,2.533671515,0.334511569
6814,52,minute.maid,5248,2019-11-25,2.79,0.152241195,0.372927296,0.084898613,11.05101698,0.101976511,0.393476864,0.727728684,4.793439152,1.055555556,2.533671515,0.334511569
6926,52,dominicks,3520,2019-11-04,1.58,0.152241195,0.372927296,0.084898613,11.05101698,0.101976511,0.393476864,0.727728684,4.793439152,1.055555556,2.533671515,0.334511569
6927,52,dominicks,42495,2019-11-11,1.29,0.152241195,0.372927296,0.084898613,11.05101698,0.101976511,0.393476864,0.727728684,4.793439152,1.055555556,2.533671515,0.334511569
6928,52,dominicks,6080,2019-11-18,1.29,0.152241195,0.372927296,0.084898613,11.05101698,0.101976511,0.393476864,0.727728684,4.793439152,1.055555556,2.533671515,0.334511569
6929,52,dominicks,5632,2019-11-25,1.99,0.152241195,0.372927296,0.084898613,11.05101698,0.101976511,0.393476864,0.727728684,4.793439152,1.055555556,2.533671515,0.334511569
7045,53,tropicana,14784,2019-11-04,2.5,0.300278681,0.2703835,0.065722248,10.60000405,0.113686757,0.312635693,0.441323063,10.45970992,1.0,2.132004658,0.332950694
7046,53,tropicana,16704,2019-11-11,3.19,0.300278681,0.2703835,0.065722248,10.60000405,0.113686757,0.312635693,0.441323063,10.45970992,1.0,2.132004658,0.332950694
7047,53,tropicana,22079,2019-11-18,3.19,0.300278681,0.2703835,0.065722248,10.60000405,0.113686757,0.312635693,0.441323063,10.45970992,1.0,2.132004658,0.332950694
7048,53,tropicana,57984,2019-11-25,2.39,0.300278681,0.2703835,0.065722248,10.60000405,0.113686757,0.312635693,0.441323063,10.45970992,1.0,2.132004658,0.332950694
7164,53,minute.maid,20351,2019-11-04,1.99,0.300278681,0.2703835,0.065722248,10.60000405,0.113686757,0.312635693,0.441323063,10.45970992,1.0,2.132004658,0.332950694
7165,53,minute.maid,5887,2019-11-11,2.79,0.300278681,0.2703835,0.065722248,10.60000405,0.113686757,0.312635693,0.441323063,10.45970992,1.0,2.132004658,0.332950694
7166,53,minute.maid,26559,2019-11-18,2.09,0.300278681,0.2703835,0.065722248,10.60000405,0.113686757,0.312635693,0.441323063,10.45970992,1.0,2.132004658,0.332950694
7167,53,minute.maid,4288,2019-11-25,2.79,0.300278681,0.2703835,0.065722248,10.60000405,0.113686757,0.312635693,0.441323063,10.45970992,1.0,2.132004658,0.332950694
7283,53,dominicks,25215,2019-11-04,1.58,0.300278681,0.2703835,0.065722248,10.60000405,0.113686757,0.312635693,0.441323063,10.45970992,1.0,2.132004658,0.332950694
7284,53,dominicks,70527,2019-11-11,1.29,0.300278681,0.2703835,0.065722248,10.60000405,0.113686757,0.312635693,0.441323063,10.45970992,1.0,2.132004658,0.332950694
7285,53,dominicks,25727,2019-11-18,1.29,0.300278681,0.2703835,0.065722248,10.60000405,0.113686757,0.312635693,0.441323063,10.45970992,1.0,2.132004658,0.332950694
7286,53,dominicks,6592,2019-11-25,1.99,0.300278681,0.2703835,0.065722248,10.60000405,0.113686757,0.312635693,0.441323063,10.45970992,1.0,2.132004658,0.332950694
7403,54,tropicana,5824,2019-11-04,2.64,0.090222278,0.421125644,0.046640859,10.91089788,0.103522408,0.43671875,0.646023263,4.899564267,1.333333333,1.963412365,0.645830051
7404,54,tropicana,6336,2019-11-11,2.99,0.090222278,0.421125644,0.046640859,10.91089788,0.103522408,0.43671875,0.646023263,4.899564267,1.333333333,1.963412365,0.645830051
7405,54,tropicana,6592,2019-11-18,2.61,0.090222278,0.421125644,0.046640859,10.91089788,0.103522408,0.43671875,0.646023263,4.899564267,1.333333333,1.963412365,0.645830051
7406,54,tropicana,22975,2019-11-25,2.24,0.090222278,0.421125644,0.046640859,10.91089788,0.103522408,0.43671875,0.646023263,4.899564267,1.333333333,1.963412365,0.645830051
7524,54,minute.maid,4288,2019-11-04,2.22,0.090222278,0.421125644,0.046640859,10.91089788,0.103522408,0.43671875,0.646023263,4.899564267,1.333333333,1.963412365,0.645830051
7525,54,minute.maid,5056,2019-11-11,2.66,0.090222278,0.421125644,0.046640859,10.91089788,0.103522408,0.43671875,0.646023263,4.899564267,1.333333333,1.963412365,0.645830051
7526,54,minute.maid,16575,2019-11-18,1.99,0.090222278,0.421125644,0.046640859,10.91089788,0.103522408,0.43671875,0.646023263,4.899564267,1.333333333,1.963412365,0.645830051
7527,54,minute.maid,3136,2019-11-25,2.66,0.090222278,0.421125644,0.046640859,10.91089788,0.103522408,0.43671875,0.646023263,4.899564267,1.333333333,1.963412365,0.645830051
7645,54,dominicks,7360,2019-11-04,1.39,0.090222278,0.421125644,0.046640859,10.91089788,0.103522408,0.43671875,0.646023263,4.899564267,1.333333333,1.963412365,0.645830051
7646,54,dominicks,43135,2019-11-11,1.29,0.090222278,0.421125644,0.046640859,10.91089788,0.103522408,0.43671875,0.646023263,4.899564267,1.333333333,1.963412365,0.645830051
7647,54,dominicks,8767,2019-11-18,1.41,0.090222278,0.421125644,0.046640859,10.91089788,0.103522408,0.43671875,0.646023263,4.899564267,1.333333333,1.963412365,0.645830051
7648,54,dominicks,7616,2019-11-25,1.89,0.090222278,0.421125644,0.046640859,10.91089788,0.103522408,0.43671875,0.646023263,4.899564267,1.333333333,1.963412365,0.645830051
7763,56,tropicana,8832,2019-11-04,2.5,0.192888549,0.237550719,0.041356019,10.83182543,0.105927922,0.362168183,0.578125,4.865720568,0.533333333,2.998578338,0.496126662
7764,56,tropicana,5056,2019-11-11,2.99,0.192888549,0.237550719,0.041356019,10.83182543,0.105927922,0.362168183,0.578125,4.865720568,0.533333333,2.998578338,0.496126662
7765,56,tropicana,8640,2019-11-18,2.99,0.192888549,0.237550719,0.041356019,10.83182543,0.105927922,0.362168183,0.578125,4.865720568,0.533333333,2.998578338,0.496126662
7766,56,tropicana,15872,2019-11-25,2.24,0.192888549,0.237550719,0.041356019,10.83182543,0.105927922,0.362168183,0.578125,4.865720568,0.533333333,2.998578338,0.496126662
7881,56,minute.maid,4927,2019-11-04,1.99,0.192888549,0.237550719,0.041356019,10.83182543,0.105927922,0.362168183,0.578125,4.865720568,0.533333333,2.998578338,0.496126662
7882,56,minute.maid,3007,2019-11-11,2.66,0.192888549,0.237550719,0.041356019,10.83182543,0.105927922,0.362168183,0.578125,4.865720568,0.533333333,2.998578338,0.496126662
7883,56,minute.maid,20479,2019-11-18,1.99,0.192888549,0.237550719,0.041356019,10.83182543,0.105927922,0.362168183,0.578125,4.865720568,0.533333333,2.998578338,0.496126662
7884,56,minute.maid,2496,2019-11-25,2.66,0.192888549,0.237550719,0.041356019,10.83182543,0.105927922,0.362168183,0.578125,4.865720568,0.533333333,2.998578338,0.496126662
7999,56,dominicks,6720,2019-11-04,1.58,0.192888549,0.237550719,0.041356019,10.83182543,0.105927922,0.362168183,0.578125,4.865720568,0.533333333,2.998578338,0.496126662
8000,56,dominicks,39551,2019-11-11,1.29,0.192888549,0.237550719,0.041356019,10.83182543,0.105927922,0.362168183,0.578125,4.865720568,0.533333333,2.998578338,0.496126662
8001,56,dominicks,11519,2019-11-18,1.29,0.192888549,0.237550719,0.041356019,10.83182543,0.105927922,0.362168183,0.578125,4.865720568,0.533333333,2.998578338,0.496126662
8002,56,dominicks,4416,2019-11-25,1.89,0.192888549,0.237550719,0.041356019,10.83182543,0.105927922,0.362168183,0.578125,4.865720568,0.533333333,2.998578338,0.496126662
8115,59,tropicana,10368,2019-11-04,2.51,0.110818913,0.233036093,0.024246568,10.7150398,0.140676118,0.390696107,0.292651757,0.217274596,1.0,3.331154049,0.395539036
8116,59,tropicana,9663,2019-11-11,2.59,0.110818913,0.233036093,0.024246568,10.7150398,0.140676118,0.390696107,0.292651757,0.217274596,1.0,3.331154049,0.395539036
8117,59,tropicana,7487,2019-11-18,2.21,0.110818913,0.233036093,0.024246568,10.7150398,0.140676118,0.390696107,0.292651757,0.217274596,1.0,3.331154049,0.395539036
8118,59,tropicana,28735,2019-11-25,1.94,0.110818913,0.233036093,0.024246568,10.7150398,0.140676118,0.390696107,0.292651757,0.217274596,1.0,3.331154049,0.395539036
8231,59,minute.maid,8896,2019-11-04,2.02,0.110818913,0.233036093,0.024246568,10.7150398,0.140676118,0.390696107,0.292651757,0.217274596,1.0,3.331154049,0.395539036
8232,59,minute.maid,4672,2019-11-11,2.25,0.110818913,0.233036093,0.024246568,10.7150398,0.140676118,0.390696107,0.292651757,0.217274596,1.0,3.331154049,0.395539036
8233,59,minute.maid,24127,2019-11-18,1.68,0.110818913,0.233036093,0.024246568,10.7150398,0.140676118,0.390696107,0.292651757,0.217274596,1.0,3.331154049,0.395539036
8234,59,minute.maid,3392,2019-11-25,2.25,0.110818913,0.233036093,0.024246568,10.7150398,0.140676118,0.390696107,0.292651757,0.217274596,1.0,3.331154049,0.395539036
8347,59,dominicks,9343,2019-11-04,1.32,0.110818913,0.233036093,0.024246568,10.7150398,0.140676118,0.390696107,0.292651757,0.217274596,1.0,3.331154049,0.395539036
8348,59,dominicks,51455,2019-11-11,1.29,0.110818913,0.233036093,0.024246568,10.7150398,0.140676118,0.390696107,0.292651757,0.217274596,1.0,3.331154049,0.395539036
8349,59,dominicks,9727,2019-11-18,1.38,0.110818913,0.233036093,0.024246568,10.7150398,0.140676118,0.390696107,0.292651757,0.217274596,1.0,3.331154049,0.395539036
8350,59,dominicks,6208,2019-11-25,1.59,0.110818913,0.233036093,0.024246568,10.7150398,0.140676118,0.390696107,0.292651757,0.217274596,1.0,3.331154049,0.395539036
8465,62,tropicana,22400,2019-11-04,2.5,0.222534262,0.517760337,0.026510896,11.23619652,0.103979265,0.322765158,0.916699488,5.452685258,0.705882353,2.184049779,0.201722445
8466,62,tropicana,14847,2019-11-11,3.19,0.222534262,0.517760337,0.026510896,11.23619652,0.103979265,0.322765158,0.916699488,5.452685258,0.705882353,2.184049779,0.201722445
8467,62,tropicana,17536,2019-11-18,3.19,0.222534262,0.517760337,0.026510896,11.23619652,0.103979265,0.322765158,0.916699488,5.452685258,0.705882353,2.184049779,0.201722445
8468,62,tropicana,39679,2019-11-25,2.39,0.222534262,0.517760337,0.026510896,11.23619652,0.103979265,0.322765158,0.916699488,5.452685258,0.705882353,2.184049779,0.201722445
8582,62,minute.maid,11967,2019-11-04,1.99,0.222534262,0.517760337,0.026510896,11.23619652,0.103979265,0.322765158,0.916699488,5.452685258,0.705882353,2.184049779,0.201722445
8583,62,minute.maid,8256,2019-11-11,2.79,0.222534262,0.517760337,0.026510896,11.23619652,0.103979265,0.322765158,0.916699488,5.452685258,0.705882353,2.184049779,0.201722445
8584,62,minute.maid,29439,2019-11-18,2.09,0.222534262,0.517760337,0.026510896,11.23619652,0.103979265,0.322765158,0.916699488,5.452685258,0.705882353,2.184049779,0.201722445
8585,62,minute.maid,6208,2019-11-25,2.79,0.222534262,0.517760337,0.026510896,11.23619652,0.103979265,0.322765158,0.916699488,5.452685258,0.705882353,2.184049779,0.201722445
8699,62,dominicks,3392,2019-11-04,1.58,0.222534262,0.517760337,0.026510896,11.23619652,0.103979265,0.322765158,0.916699488,5.452685258,0.705882353,2.184049779,0.201722445
8700,62,dominicks,24640,2019-11-11,1.29,0.222534262,0.517760337,0.026510896,11.23619652,0.103979265,0.322765158,0.916699488,5.452685258,0.705882353,2.184049779,0.201722445
8701,62,dominicks,3647,2019-11-18,1.29,0.222534262,0.517760337,0.026510896,11.23619652,0.103979265,0.322765158,0.916699488,5.452685258,0.705882353,2.184049779,0.201722445
8702,62,dominicks,3263,2019-11-25,1.99,0.222534262,0.517760337,0.026510896,11.23619652,0.103979265,0.322765158,0.916699488,5.452685258,0.705882353,2.184049779,0.201722445
8811,64,tropicana,7616,2019-11-04,2.57,0.141992021,0.16082131,0.070034198,10.60581744,0.135339885,0.391294542,0.093860685,3.503787688,1.923076923,1.939224403,0.560240328
8812,64,tropicana,3136,2019-11-11,2.99,0.141992021,0.16082131,0.070034198,10.60581744,0.135339885,0.391294542,0.093860685,3.503787688,1.923076923,1.939224403,0.560240328
8813,64,tropicana,2304,2019-11-18,2.76,0.141992021,0.16082131,0.070034198,10.60581744,0.135339885,0.391294542,0.093860685,3.503787688,1.923076923,1.939224403,0.560240328
8814,64,tropicana,7936,2019-11-25,2.24,0.141992021,0.16082131,0.070034198,10.60581744,0.135339885,0.391294542,0.093860685,3.503787688,1.923076923,1.939224403,0.560240328
8918,64,minute.maid,5311,2019-11-04,2.12,0.141992021,0.16082131,0.070034198,10.60581744,0.135339885,0.391294542,0.093860685,3.503787688,1.923076923,1.939224403,0.560240328
8919,64,minute.maid,2879,2019-11-11,2.66,0.141992021,0.16082131,0.070034198,10.60581744,0.135339885,0.391294542,0.093860685,3.503787688,1.923076923,1.939224403,0.560240328
8920,64,minute.maid,14080,2019-11-18,1.99,0.141992021,0.16082131,0.070034198,10.60581744,0.135339885,0.391294542,0.093860685,3.503787688,1.923076923,1.939224403,0.560240328
8921,64,minute.maid,2367,2019-11-25,2.66,0.141992021,0.16082131,0.070034198,10.60581744,0.135339885,0.391294542,0.093860685,3.503787688,1.923076923,1.939224403,0.560240328
9025,64,dominicks,4032,2019-11-04,1.54,0.141992021,0.16082131,0.070034198,10.60581744,0.135339885,0.391294542,0.093860685,3.503787688,1.923076923,1.939224403,0.560240328
9026,64,dominicks,46207,2019-11-11,1.29,0.141992021,0.16082131,0.070034198,10.60581744,0.135339885,0.391294542,0.093860685,3.503787688,1.923076923,1.939224403,0.560240328
9027,64,dominicks,12287,2019-11-18,1.36,0.141992021,0.16082131,0.070034198,10.60581744,0.135339885,0.391294542,0.093860685,3.503787688,1.923076923,1.939224403,0.560240328
9028,64,dominicks,6336,2019-11-25,1.89,0.141992021,0.16082131,0.070034198,10.60581744,0.135339885,0.391294542,0.093860685,3.503787688,1.923076923,1.939224403,0.560240328
9136,67,tropicana,7039,2019-11-04,2.5,0.210272984,0.284394654,0.050539779,10.79695991,0.101871469,0.385157627,0.376326075,1.63276453,1.785714286,1.929939975,1.143366607
9137,67,tropicana,6528,2019-11-11,2.89,0.210272984,0.284394654,0.050539779,10.79695991,0.101871469,0.385157627,0.376326075,1.63276453,1.785714286,1.929939975,1.143366607
9138,67,tropicana,6848,2019-11-18,2.89,0.210272984,0.284394654,0.050539779,10.79695991,0.101871469,0.385157627,0.376326075,1.63276453,1.785714286,1.929939975,1.143366607
9139,67,tropicana,22975,2019-11-25,2.16,0.210272984,0.284394654,0.050539779,10.79695991,0.101871469,0.385157627,0.376326075,1.63276453,1.785714286,1.929939975,1.143366607
9252,67,minute.maid,11007,2019-11-04,1.99,0.210272984,0.284394654,0.050539779,10.79695991,0.101871469,0.385157627,0.376326075,1.63276453,1.785714286,1.929939975,1.143366607
9253,67,minute.maid,4864,2019-11-11,2.39,0.210272984,0.284394654,0.050539779,10.79695991,0.101871469,0.385157627,0.376326075,1.63276453,1.785714286,1.929939975,1.143366607
9254,67,minute.maid,41216,2019-11-18,1.79,0.210272984,0.284394654,0.050539779,10.79695991,0.101871469,0.385157627,0.376326075,1.63276453,1.785714286,1.929939975,1.143366607
9255,67,minute.maid,3840,2019-11-25,2.39,0.210272984,0.284394654,0.050539779,10.79695991,0.101871469,0.385157627,0.376326075,1.63276453,1.785714286,1.929939975,1.143366607
9368,67,dominicks,10303,2019-11-04,1.58,0.210272984,0.284394654,0.050539779,10.79695991,0.101871469,0.385157627,0.376326075,1.63276453,1.785714286,1.929939975,1.143366607
9369,67,dominicks,73600,2019-11-11,1.29,0.210272984,0.284394654,0.050539779,10.79695991,0.101871469,0.385157627,0.376326075,1.63276453,1.785714286,1.929939975,1.143366607
9370,67,dominicks,3583,2019-11-18,1.29,0.210272984,0.284394654,0.050539779,10.79695991,0.101871469,0.385157627,0.376326075,1.63276453,1.785714286,1.929939975,1.143366607
9371,67,dominicks,7039,2019-11-25,1.69,0.210272984,0.284394654,0.050539779,10.79695991,0.101871469,0.385157627,0.376326075,1.63276453,1.785714286,1.929939975,1.143366607
9482,68,tropicana,11455,2019-11-04,2.5,0.181417756,0.159721511,0.220991053,10.1883657,0.108476376,0.330539657,0.218654434,6.650601624,1.538461538,1.626191859,0.125092069
9483,68,tropicana,5952,2019-11-11,3.19,0.181417756,0.159721511,0.220991053,10.1883657,0.108476376,0.330539657,0.218654434,6.650601624,1.538461538,1.626191859,0.125092069
9484,68,tropicana,8640,2019-11-18,3.19,0.181417756,0.159721511,0.220991053,10.1883657,0.108476376,0.330539657,0.218654434,6.650601624,1.538461538,1.626191859,0.125092069
9485,68,tropicana,31104,2019-11-25,2.39,0.181417756,0.159721511,0.220991053,10.1883657,0.108476376,0.330539657,0.218654434,6.650601624,1.538461538,1.626191859,0.125092069
9597,68,minute.maid,18880,2019-11-04,1.99,0.181417756,0.159721511,0.220991053,10.1883657,0.108476376,0.330539657,0.218654434,6.650601624,1.538461538,1.626191859,0.125092069
9598,68,minute.maid,7168,2019-11-11,2.79,0.181417756,0.159721511,0.220991053,10.1883657,0.108476376,0.330539657,0.218654434,6.650601624,1.538461538,1.626191859,0.125092069
9599,68,minute.maid,21120,2019-11-18,2.09,0.181417756,0.159721511,0.220991053,10.1883657,0.108476376,0.330539657,0.218654434,6.650601624,1.538461538,1.626191859,0.125092069
9600,68,minute.maid,4479,2019-11-25,2.79,0.181417756,0.159721511,0.220991053,10.1883657,0.108476376,0.330539657,0.218654434,6.650601624,1.538461538,1.626191859,0.125092069
9712,68,dominicks,11584,2019-11-04,1.58,0.181417756,0.159721511,0.220991053,10.1883657,0.108476376,0.330539657,0.218654434,6.650601624,1.538461538,1.626191859,0.125092069
9713,68,dominicks,65407,2019-11-11,1.29,0.181417756,0.159721511,0.220991053,10.1883657,0.108476376,0.330539657,0.218654434,6.650601624,1.538461538,1.626191859,0.125092069
9714,68,dominicks,24192,2019-11-18,1.29,0.181417756,0.159721511,0.220991053,10.1883657,0.108476376,0.330539657,0.218654434,6.650601624,1.538461538,1.626191859,0.125092069
9715,68,dominicks,10815,2019-11-25,1.99,0.181417756,0.159721511,0.220991053,10.1883657,0.108476376,0.330539657,0.218654434,6.650601624,1.538461538,1.626191859,0.125092069
9833,70,tropicana,9471,2019-11-04,2.5,0.190235804,0.165669605,0.162860821,10.41235125,0.110542664,0.32772939,0.049271137,3.909329477,0.5,3.527768437,0.367773151
9834,70,tropicana,9152,2019-11-11,2.59,0.190235804,0.165669605,0.162860821,10.41235125,0.110542664,0.32772939,0.049271137,3.909329477,0.5,3.527768437,0.367773151
9835,70,tropicana,9727,2019-11-18,2.59,0.190235804,0.165669605,0.162860821,10.41235125,0.110542664,0.32772939,0.049271137,3.909329477,0.5,3.527768437,0.367773151
9836,70,tropicana,29887,2019-11-25,1.94,0.190235804,0.165669605,0.162860821,10.41235125,0.110542664,0.32772939,0.049271137,3.909329477,0.5,3.527768437,0.367773151
9953,70,minute.maid,13311,2019-11-04,1.99,0.190235804,0.165669605,0.162860821,10.41235125,0.110542664,0.32772939,0.049271137,3.909329477,0.5,3.527768437,0.367773151
9954,70,minute.maid,6976,2019-11-11,2.25,0.190235804,0.165669605,0.162860821,10.41235125,0.110542664,0.32772939,0.049271137,3.909329477,0.5,3.527768437,0.367773151
9955,70,minute.maid,34047,2019-11-18,1.68,0.190235804,0.165669605,0.162860821,10.41235125,0.110542664,0.32772939,0.049271137,3.909329477,0.5,3.527768437,0.367773151
9956,70,minute.maid,6976,2019-11-25,2.25,0.190235804,0.165669605,0.162860821,10.41235125,0.110542664,0.32772939,0.049271137,3.909329477,0.5,3.527768437,0.367773151
10073,70,dominicks,12671,2019-11-04,1.58,0.190235804,0.165669605,0.162860821,10.41235125,0.110542664,0.32772939,0.049271137,3.909329477,0.5,3.527768437,0.367773151
10074,70,dominicks,88703,2019-11-11,1.29,0.190235804,0.165669605,0.162860821,10.41235125,0.110542664,0.32772939,0.049271137,3.909329477,0.5,3.527768437,0.367773151
10075,70,dominicks,20735,2019-11-18,1.29,0.190235804,0.165669605,0.162860821,10.41235125,0.110542664,0.32772939,0.049271137,3.909329477,0.5,3.527768437,0.367773151
10076,70,dominicks,12928,2019-11-25,1.59,0.190235804,0.165669605,0.162860821,10.41235125,0.110542664,0.32772939,0.049271137,3.909329477,0.5,3.527768437,0.367773151
10187,71,tropicana,11776,2019-11-04,2.64,0.26807087,0.159588077,0.074828009,10.40483843,0.075013729,0.303101737,0.163882428,6.673879403,1.45,1.818358986,0.266474174
10188,71,tropicana,5504,2019-11-11,3.19,0.26807087,0.159588077,0.074828009,10.40483843,0.075013729,0.303101737,0.163882428,6.673879403,1.45,1.818358986,0.266474174
10189,71,tropicana,8832,2019-11-18,2.71,0.26807087,0.159588077,0.074828009,10.40483843,0.075013729,0.303101737,0.163882428,6.673879403,1.45,1.818358986,0.266474174
10190,71,tropicana,29312,2019-11-25,2.39,0.26807087,0.159588077,0.074828009,10.40483843,0.075013729,0.303101737,0.163882428,6.673879403,1.45,1.818358986,0.266474174
10302,71,minute.maid,11584,2019-11-04,2.07,0.26807087,0.159588077,0.074828009,10.40483843,0.075013729,0.303101737,0.163882428,6.673879403,1.45,1.818358986,0.266474174
10303,71,minute.maid,3392,2019-11-11,2.79,0.26807087,0.159588077,0.074828009,10.40483843,0.075013729,0.303101737,0.163882428,6.673879403,1.45,1.818358986,0.266474174
10304,71,minute.maid,28416,2019-11-18,2.09,0.26807087,0.159588077,0.074828009,10.40483843,0.075013729,0.303101737,0.163882428,6.673879403,1.45,1.818358986,0.266474174
10305,71,minute.maid,2176,2019-11-25,2.79,0.26807087,0.159588077,0.074828009,10.40483843,0.075013729,0.303101737,0.163882428,6.673879403,1.45,1.818358986,0.266474174
10417,71,dominicks,19520,2019-11-04,1.37,0.26807087,0.159588077,0.074828009,10.40483843,0.075013729,0.303101737,0.163882428,6.673879403,1.45,1.818358986,0.266474174
10418,71,dominicks,160576,2019-11-11,1.29,0.26807087,0.159588077,0.074828009,10.40483843,0.075013729,0.303101737,0.163882428,6.673879403,1.45,1.818358986,0.266474174
10419,71,dominicks,45503,2019-11-18,1.32,0.26807087,0.159588077,0.074828009,10.40483843,0.075013729,0.303101737,0.163882428,6.673879403,1.45,1.818358986,0.266474174
10420,71,dominicks,13695,2019-11-25,1.99,0.26807087,0.159588077,0.074828009,10.40483843,0.075013729,0.303101737,0.163882428,6.673879403,1.45,1.818358986,0.266474174
10535,72,tropicana,15936,2019-11-04,2.5,0.283727688,0.268724553,0.04593884,10.71219307,0.101522843,0.331130976,0.571315163,3.002118069,0.857142857,1.696152707,0.644907796
10536,72,tropicana,9535,2019-11-11,3.19,0.283727688,0.268724553,0.04593884,10.71219307,0.101522843,0.331130976,0.571315163,3.002118069,0.857142857,1.696152707,0.644907796
10537,72,tropicana,10240,2019-11-18,3.19,0.283727688,0.268724553,0.04593884,10.71219307,0.101522843,0.331130976,0.571315163,3.002118069,0.857142857,1.696152707,0.644907796
10538,72,tropicana,28863,2019-11-25,2.39,0.283727688,0.268724553,0.04593884,10.71219307,0.101522843,0.331130976,0.571315163,3.002118069,0.857142857,1.696152707,0.644907796
10652,72,minute.maid,17216,2019-11-04,1.99,0.283727688,0.268724553,0.04593884,10.71219307,0.101522843,0.331130976,0.571315163,3.002118069,0.857142857,1.696152707,0.644907796
10653,72,minute.maid,6592,2019-11-11,2.79,0.283727688,0.268724553,0.04593884,10.71219307,0.101522843,0.331130976,0.571315163,3.002118069,0.857142857,1.696152707,0.644907796
10654,72,minute.maid,31615,2019-11-18,2.09,0.283727688,0.268724553,0.04593884,10.71219307,0.101522843,0.331130976,0.571315163,3.002118069,0.857142857,1.696152707,0.644907796
10655,72,minute.maid,4159,2019-11-25,2.79,0.283727688,0.268724553,0.04593884,10.71219307,0.101522843,0.331130976,0.571315163,3.002118069,0.857142857,1.696152707,0.644907796
10769,72,dominicks,9856,2019-11-04,1.58,0.283727688,0.268724553,0.04593884,10.71219307,0.101522843,0.331130976,0.571315163,3.002118069,0.857142857,1.696152707,0.644907796
10770,72,dominicks,58879,2019-11-11,1.29,0.283727688,0.268724553,0.04593884,10.71219307,0.101522843,0.331130976,0.571315163,3.002118069,0.857142857,1.696152707,0.644907796
10771,72,dominicks,11776,2019-11-18,1.29,0.283727688,0.268724553,0.04593884,10.71219307,0.101522843,0.331130976,0.571315163,3.002118069,0.857142857,1.696152707,0.644907796
10772,72,dominicks,5504,2019-11-25,1.99,0.283727688,0.268724553,0.04593884,10.71219307,0.101522843,0.331130976,0.571315163,3.002118069,0.857142857,1.696152707,0.644907796
10885,73,tropicana,13504,2019-11-04,2.5,0.257450782,0.07305396,0.109213291,10.61496569,0.135340763,0.292748225,0.005144033,2.584605038,1.5,3.228630183,0.18318752
10886,73,tropicana,8896,2019-11-11,2.89,0.257450782,0.07305396,0.109213291,10.61496569,0.135340763,0.292748225,0.005144033,2.584605038,1.5,3.228630183,0.18318752
10887,73,tropicana,12095,2019-11-18,2.89,0.257450782,0.07305396,0.109213291,10.61496569,0.135340763,0.292748225,0.005144033,2.584605038,1.5,3.228630183,0.18318752
10888,73,tropicana,34175,2019-11-25,2.16,0.257450782,0.07305396,0.109213291,10.61496569,0.135340763,0.292748225,0.005144033,2.584605038,1.5,3.228630183,0.18318752
11001,73,minute.maid,17279,2019-11-04,1.99,0.257450782,0.07305396,0.109213291,10.61496569,0.135340763,0.292748225,0.005144033,2.584605038,1.5,3.228630183,0.18318752
11002,73,minute.maid,8256,2019-11-11,2.39,0.257450782,0.07305396,0.109213291,10.61496569,0.135340763,0.292748225,0.005144033,2.584605038,1.5,3.228630183,0.18318752
11003,73,minute.maid,54847,2019-11-18,1.79,0.257450782,0.07305396,0.109213291,10.61496569,0.135340763,0.292748225,0.005144033,2.584605038,1.5,3.228630183,0.18318752
11004,73,minute.maid,6848,2019-11-25,2.39,0.257450782,0.07305396,0.109213291,10.61496569,0.135340763,0.292748225,0.005144033,2.584605038,1.5,3.228630183,0.18318752
11117,73,dominicks,49215,2019-11-04,1.58,0.257450782,0.07305396,0.109213291,10.61496569,0.135340763,0.292748225,0.005144033,2.584605038,1.5,3.228630183,0.18318752
11118,73,dominicks,141887,2019-11-11,1.29,0.257450782,0.07305396,0.109213291,10.61496569,0.135340763,0.292748225,0.005144033,2.584605038,1.5,3.228630183,0.18318752
11119,73,dominicks,22016,2019-11-18,1.29,0.257450782,0.07305396,0.109213291,10.61496569,0.135340763,0.292748225,0.005144033,2.584605038,1.5,3.228630183,0.18318752
11120,73,dominicks,21568,2019-11-25,1.69,0.257450782,0.07305396,0.109213291,10.61496569,0.135340763,0.292748225,0.005144033,2.584605038,1.5,3.228630183,0.18318752
11234,74,tropicana,15424,2019-11-04,2.5,0.307397856,0.07119776,0.041542429,10.48001664,0.090196478,0.297796572,0.15625,7.05964577,0.666666667,2.533639879,0.394653498
11235,74,tropicana,8256,2019-11-11,2.99,0.307397856,0.07119776,0.041542429,10.48001664,0.090196478,0.297796572,0.15625,7.05964577,0.666666667,2.533639879,0.394653498
11236,74,tropicana,12735,2019-11-18,2.99,0.307397856,0.07119776,0.041542429,10.48001664,0.090196478,0.297796572,0.15625,7.05964577,0.666666667,2.533639879,0.394653498
11237,74,tropicana,22207,2019-11-25,2.24,0.307397856,0.07119776,0.041542429,10.48001664,0.090196478,0.297796572,0.15625,7.05964577,0.666666667,2.533639879,0.394653498
11350,74,minute.maid,12607,2019-11-04,1.99,0.307397856,0.07119776,0.041542429,10.48001664,0.090196478,0.297796572,0.15625,7.05964577,0.666666667,2.533639879,0.394653498
11351,74,minute.maid,5183,2019-11-11,2.66,0.307397856,0.07119776,0.041542429,10.48001664,0.090196478,0.297796572,0.15625,7.05964577,0.666666667,2.533639879,0.394653498
11352,74,minute.maid,19711,2019-11-18,1.99,0.307397856,0.07119776,0.041542429,10.48001664,0.090196478,0.297796572,0.15625,7.05964577,0.666666667,2.533639879,0.394653498
11353,74,minute.maid,3328,2019-11-25,2.66,0.307397856,0.07119776,0.041542429,10.48001664,0.090196478,0.297796572,0.15625,7.05964577,0.666666667,2.533639879,0.394653498
11466,74,dominicks,51647,2019-11-04,1.58,0.307397856,0.07119776,0.041542429,10.48001664,0.090196478,0.297796572,0.15625,7.05964577,0.666666667,2.533639879,0.394653498
11467,74,dominicks,134528,2019-11-11,1.29,0.307397856,0.07119776,0.041542429,10.48001664,0.090196478,0.297796572,0.15625,7.05964577,0.666666667,2.533639879,0.394653498
11468,74,dominicks,33280,2019-11-18,1.29,0.307397856,0.07119776,0.041542429,10.48001664,0.090196478,0.297796572,0.15625,7.05964577,0.666666667,2.533639879,0.394653498
11469,74,dominicks,22591,2019-11-25,1.89,0.307397856,0.07119776,0.041542429,10.48001664,0.090196478,0.297796572,0.15625,7.05964577,0.666666667,2.533639879,0.394653498
11582,75,tropicana,10303,2019-11-04,2.62,0.207699493,0.219548453,0.415999466,9.867082871,0.063964709,0.315583259,0.496,7.192666501,2.230769231,1.375126442,0.703181889
11583,75,tropicana,5504,2019-11-11,3.19,0.207699493,0.219548453,0.415999466,9.867082871,0.063964709,0.315583259,0.496,7.192666501,2.230769231,1.375126442,0.703181889
11584,75,tropicana,9727,2019-11-18,2.64,0.207699493,0.219548453,0.415999466,9.867082871,0.063964709,0.315583259,0.496,7.192666501,2.230769231,1.375126442,0.703181889
11585,75,tropicana,19583,2019-11-25,2.39,0.207699493,0.219548453,0.415999466,9.867082871,0.063964709,0.315583259,0.496,7.192666501,2.230769231,1.375126442,0.703181889
11700,75,minute.maid,12735,2019-11-04,2.11,0.207699493,0.219548453,0.415999466,9.867082871,0.063964709,0.315583259,0.496,7.192666501,2.230769231,1.375126442,0.703181889
11701,75,minute.maid,3647,2019-11-11,2.79,0.207699493,0.219548453,0.415999466,9.867082871,0.063964709,0.315583259,0.496,7.192666501,2.230769231,1.375126442,0.703181889
11702,75,minute.maid,20672,2019-11-18,2.09,0.207699493,0.219548453,0.415999466,9.867082871,0.063964709,0.315583259,0.496,7.192666501,2.230769231,1.375126442,0.703181889
11703,75,minute.maid,3583,2019-11-25,2.79,0.207699493,0.219548453,0.415999466,9.867082871,0.063964709,0.315583259,0.496,7.192666501,2.230769231,1.375126442,0.703181889
11818,75,dominicks,9856,2019-11-04,1.5,0.207699493,0.219548453,0.415999466,9.867082871,0.063964709,0.315583259,0.496,7.192666501,2.230769231,1.375126442,0.703181889
11819,75,dominicks,60608,2019-11-11,1.29,0.207699493,0.219548453,0.415999466,9.867082871,0.063964709,0.315583259,0.496,7.192666501,2.230769231,1.375126442,0.703181889
11820,75,dominicks,9216,2019-11-18,1.51,0.207699493,0.219548453,0.415999466,9.867082871,0.063964709,0.315583259,0.496,7.192666501,2.230769231,1.375126442,0.703181889
11821,75,dominicks,8384,2019-11-25,1.99,0.207699493,0.219548453,0.415999466,9.867082871,0.063964709,0.315583259,0.496,7.192666501,2.230769231,1.375126442,0.703181889
11934,76,tropicana,9984,2019-11-04,2.5,0.149192423,0.087711787,0.425324028,10.1406129,0.144373905,0.296352584,0.096330275,3.558380317,0.909090909,1.07563146,0.214416531
11935,76,tropicana,6463,2019-11-11,2.99,0.149192423,0.087711787,0.425324028,10.1406129,0.144373905,0.296352584,0.096330275,3.558380317,0.909090909,1.07563146,0.214416531
11936,76,tropicana,8063,2019-11-18,2.99,0.149192423,0.087711787,0.425324028,10.1406129,0.144373905,0.296352584,0.096330275,3.558380317,0.909090909,1.07563146,0.214416531
11937,76,tropicana,34559,2019-11-25,2.24,0.149192423,0.087711787,0.425324028,10.1406129,0.144373905,0.296352584,0.096330275,3.558380317,0.909090909,1.07563146,0.214416531
12050,76,minute.maid,10624,2019-11-04,1.99,0.149192423,0.087711787,0.425324028,10.1406129,0.144373905,0.296352584,0.096330275,3.558380317,0.909090909,1.07563146,0.214416531
12051,76,minute.maid,5119,2019-11-11,2.66,0.149192423,0.087711787,0.425324028,10.1406129,0.144373905,0.296352584,0.096330275,3.558380317,0.909090909,1.07563146,0.214416531
12052,76,minute.maid,39168,2019-11-18,1.99,0.149192423,0.087711787,0.425324028,10.1406129,0.144373905,0.296352584,0.096330275,3.558380317,0.909090909,1.07563146,0.214416531
12053,76,minute.maid,3328,2019-11-25,2.66,0.149192423,0.087711787,0.425324028,10.1406129,0.144373905,0.296352584,0.096330275,3.558380317,0.909090909,1.07563146,0.214416531
12166,76,dominicks,10752,2019-11-04,1.58,0.149192423,0.087711787,0.425324028,10.1406129,0.144373905,0.296352584,0.096330275,3.558380317,0.909090909,1.07563146,0.214416531
12167,76,dominicks,113024,2019-11-11,1.29,0.149192423,0.087711787,0.425324028,10.1406129,0.144373905,0.296352584,0.096330275,3.558380317,0.909090909,1.07563146,0.214416531
12168,76,dominicks,16191,2019-11-18,1.29,0.149192423,0.087711787,0.425324028,10.1406129,0.144373905,0.296352584,0.096330275,3.558380317,0.909090909,1.07563146,0.214416531
12169,76,dominicks,8000,2019-11-25,1.89,0.149192423,0.087711787,0.425324028,10.1406129,0.144373905,0.296352584,0.096330275,3.558380317,0.909090909,1.07563146,0.214416531
12284,77,tropicana,10624,2019-11-04,2.5,0.10110045,0.376871097,0.073507887,10.98312087,0.118093174,0.414163823,0.624113475,1.875487675,1.176470588,2.510313339,0.554352329
12285,77,tropicana,6528,2019-11-11,2.59,0.10110045,0.376871097,0.073507887,10.98312087,0.118093174,0.414163823,0.624113475,1.875487675,1.176470588,2.510313339,0.554352329
12286,77,tropicana,9919,2019-11-18,2.59,0.10110045,0.376871097,0.073507887,10.98312087,0.118093174,0.414163823,0.624113475,1.875487675,1.176470588,2.510313339,0.554352329
12287,77,tropicana,19263,2019-11-25,1.94,0.10110045,0.376871097,0.073507887,10.98312087,0.118093174,0.414163823,0.624113475,1.875487675,1.176470588,2.510313339,0.554352329
12398,77,minute.maid,8832,2019-11-04,1.99,0.10110045,0.376871097,0.073507887,10.98312087,0.118093174,0.414163823,0.624113475,1.875487675,1.176470588,2.510313339,0.554352329
12399,77,minute.maid,5248,2019-11-11,2.25,0.10110045,0.376871097,0.073507887,10.98312087,0.118093174,0.414163823,0.624113475,1.875487675,1.176470588,2.510313339,0.554352329
12400,77,minute.maid,21760,2019-11-18,1.68,0.10110045,0.376871097,0.073507887,10.98312087,0.118093174,0.414163823,0.624113475,1.875487675,1.176470588,2.510313339,0.554352329
12401,77,minute.maid,3328,2019-11-25,2.25,0.10110045,0.376871097,0.073507887,10.98312087,0.118093174,0.414163823,0.624113475,1.875487675,1.176470588,2.510313339,0.554352329
12512,77,dominicks,11007,2019-11-04,1.58,0.10110045,0.376871097,0.073507887,10.98312087,0.118093174,0.414163823,0.624113475,1.875487675,1.176470588,2.510313339,0.554352329
12513,77,dominicks,44672,2019-11-11,1.29,0.10110045,0.376871097,0.073507887,10.98312087,0.118093174,0.414163823,0.624113475,1.875487675,1.176470588,2.510313339,0.554352329
12514,77,dominicks,11455,2019-11-18,1.29,0.10110045,0.376871097,0.073507887,10.98312087,0.118093174,0.414163823,0.624113475,1.875487675,1.176470588,2.510313339,0.554352329
12515,77,dominicks,2623,2019-11-25,1.59,0.10110045,0.376871097,0.073507887,10.98312087,0.118093174,0.414163823,0.624113475,1.875487675,1.176470588,2.510313339,0.554352329
12628,78,tropicana,12735,2019-11-04,2.5,0.111947994,0.314432275,0.056086079,10.95917494,0.111221204,0.423952262,0.528312901,0.132096821,1.142857143,1.704244878,0.515669276
12629,78,tropicana,7487,2019-11-11,2.59,0.111947994,0.314432275,0.056086079,10.95917494,0.111221204,0.423952262,0.528312901,0.132096821,1.142857143,1.704244878,0.515669276
12630,78,tropicana,8448,2019-11-18,2.59,0.111947994,0.314432275,0.056086079,10.95917494,0.111221204,0.423952262,0.528312901,0.132096821,1.142857143,1.704244878,0.515669276
12631,78,tropicana,34303,2019-11-25,1.94,0.111947994,0.314432275,0.056086079,10.95917494,0.111221204,0.423952262,0.528312901,0.132096821,1.142857143,1.704244878,0.515669276
12748,78,minute.maid,15808,2019-11-04,1.99,0.111947994,0.314432275,0.056086079,10.95917494,0.111221204,0.423952262,0.528312901,0.132096821,1.142857143,1.704244878,0.515669276
12749,78,minute.maid,5887,2019-11-11,2.25,0.111947994,0.314432275,0.056086079,10.95917494,0.111221204,0.423952262,0.528312901,0.132096821,1.142857143,1.704244878,0.515669276
12750,78,minute.maid,31295,2019-11-18,1.68,0.111947994,0.314432275,0.056086079,10.95917494,0.111221204,0.423952262,0.528312901,0.132096821,1.142857143,1.704244878,0.515669276
12751,78,minute.maid,3007,2019-11-25,2.25,0.111947994,0.314432275,0.056086079,10.95917494,0.111221204,0.423952262,0.528312901,0.132096821,1.142857143,1.704244878,0.515669276
12868,78,dominicks,8703,2019-11-04,1.58,0.111947994,0.314432275,0.056086079,10.95917494,0.111221204,0.423952262,0.528312901,0.132096821,1.142857143,1.704244878,0.515669276
12869,78,dominicks,80704,2019-11-11,1.29,0.111947994,0.314432275,0.056086079,10.95917494,0.111221204,0.423952262,0.528312901,0.132096821,1.142857143,1.704244878,0.515669276
12870,78,dominicks,21375,2019-11-18,1.29,0.111947994,0.314432275,0.056086079,10.95917494,0.111221204,0.423952262,0.528312901,0.132096821,1.142857143,1.704244878,0.515669276
12871,78,dominicks,7231,2019-11-25,1.59,0.111947994,0.314432275,0.056086079,10.95917494,0.111221204,0.423952262,0.528312901,0.132096821,1.142857143,1.704244878,0.515669276
12986,80,tropicana,11903,2019-11-04,2.5,0.152691263,0.304465687,0.041910238,10.90950929,0.099890045,0.403603604,0.548122392,0.323594391,0.5,1.755245053,0.356535884
12987,80,tropicana,11328,2019-11-11,2.59,0.152691263,0.304465687,0.041910238,10.90950929,0.099890045,0.403603604,0.548122392,0.323594391,0.5,1.755245053,0.356535884
12988,80,tropicana,15488,2019-11-18,2.59,0.152691263,0.304465687,0.041910238,10.90950929,0.099890045,0.403603604,0.548122392,0.323594391,0.5,1.755245053,0.356535884
12989,80,tropicana,41152,2019-11-25,1.94,0.152691263,0.304465687,0.041910238,10.90950929,0.099890045,0.403603604,0.548122392,0.323594391,0.5,1.755245053,0.356535884
13104,80,minute.maid,12671,2019-11-04,1.99,0.152691263,0.304465687,0.041910238,10.90950929,0.099890045,0.403603604,0.548122392,0.323594391,0.5,1.755245053,0.356535884
13105,80,minute.maid,7744,2019-11-11,2.25,0.152691263,0.304465687,0.041910238,10.90950929,0.099890045,0.403603604,0.548122392,0.323594391,0.5,1.755245053,0.356535884
13106,80,minute.maid,48128,2019-11-18,1.68,0.152691263,0.304465687,0.041910238,10.90950929,0.099890045,0.403603604,0.548122392,0.323594391,0.5,1.755245053,0.356535884
13107,80,minute.maid,5952,2019-11-25,2.25,0.152691263,0.304465687,0.041910238,10.90950929,0.099890045,0.403603604,0.548122392,0.323594391,0.5,1.755245053,0.356535884
13222,80,dominicks,9727,2019-11-04,1.58,0.152691263,0.304465687,0.041910238,10.90950929,0.099890045,0.403603604,0.548122392,0.323594391,0.5,1.755245053,0.356535884
13223,80,dominicks,53504,2019-11-11,1.29,0.152691263,0.304465687,0.041910238,10.90950929,0.099890045,0.403603604,0.548122392,0.323594391,0.5,1.755245053,0.356535884
13224,80,dominicks,12095,2019-11-18,1.29,0.152691263,0.304465687,0.041910238,10.90950929,0.099890045,0.403603604,0.548122392,0.323594391,0.5,1.755245053,0.356535884
13225,80,dominicks,8448,2019-11-25,1.59,0.152691263,0.304465687,0.041910238,10.90950929,0.099890045,0.403603604,0.548122392,0.323594391,0.5,1.755245053,0.356535884
13338,81,tropicana,12607,2019-11-04,2.5,0.181118938,0.234201612,0.073961623,10.71993585,0.088337065,0.42954279,0.478846154,3.768907476,0.791666667,1.132215571,0.379390304
13339,81,tropicana,9216,2019-11-11,2.99,0.181118938,0.234201612,0.073961623,10.71993585,0.088337065,0.42954279,0.478846154,3.768907476,0.791666667,1.132215571,0.379390304
13340,81,tropicana,10368,2019-11-18,2.99,0.181118938,0.234201612,0.073961623,10.71993585,0.088337065,0.42954279,0.478846154,3.768907476,0.791666667,1.132215571,0.379390304
13341,81,tropicana,22528,2019-11-25,2.24,0.181118938,0.234201612,0.073961623,10.71993585,0.088337065,0.42954279,0.478846154,3.768907476,0.791666667,1.132215571,0.379390304
13453,81,minute.maid,14591,2019-11-04,1.99,0.181118938,0.234201612,0.073961623,10.71993585,0.088337065,0.42954279,0.478846154,3.768907476,0.791666667,1.132215571,0.379390304
13454,81,minute.maid,5824,2019-11-11,2.66,0.181118938,0.234201612,0.073961623,10.71993585,0.088337065,0.42954279,0.478846154,3.768907476,0.791666667,1.132215571,0.379390304
13455,81,minute.maid,24127,2019-11-18,1.99,0.181118938,0.234201612,0.073961623,10.71993585,0.088337065,0.42954279,0.478846154,3.768907476,0.791666667,1.132215571,0.379390304
13456,81,minute.maid,3647,2019-11-25,2.66,0.181118938,0.234201612,0.073961623,10.71993585,0.088337065,0.42954279,0.478846154,3.768907476,0.791666667,1.132215571,0.379390304
13568,81,dominicks,9792,2019-11-04,1.58,0.181118938,0.234201612,0.073961623,10.71993585,0.088337065,0.42954279,0.478846154,3.768907476,0.791666667,1.132215571,0.379390304
13569,81,dominicks,78528,2019-11-11,1.29,0.181118938,0.234201612,0.073961623,10.71993585,0.088337065,0.42954279,0.478846154,3.768907476,0.791666667,1.132215571,0.379390304
13570,81,dominicks,16575,2019-11-18,1.29,0.181118938,0.234201612,0.073961623,10.71993585,0.088337065,0.42954279,0.478846154,3.768907476,0.791666667,1.132215571,0.379390304
13571,81,dominicks,9280,2019-11-25,1.89,0.181118938,0.234201612,0.073961623,10.71993585,0.088337065,0.42954279,0.478846154,3.768907476,0.791666667,1.132215571,0.379390304
13687,83,tropicana,11392,2019-11-04,2.5,0.200834686,0.145984905,0.107628101,10.45607873,0.098153547,0.330632306,0.050756901,1.346800846,1.6,3.901358126,0.261860719
13688,83,tropicana,7168,2019-11-11,2.59,0.200834686,0.145984905,0.107628101,10.45607873,0.098153547,0.330632306,0.050756901,1.346800846,1.6,3.901358126,0.261860719
13689,83,tropicana,8640,2019-11-18,2.59,0.200834686,0.145984905,0.107628101,10.45607873,0.098153547,0.330632306,0.050756901,1.346800846,1.6,3.901358126,0.261860719
13690,83,tropicana,66240,2019-11-25,1.94,0.200834686,0.145984905,0.107628101,10.45607873,0.098153547,0.330632306,0.050756901,1.346800846,1.6,3.901358126,0.261860719
13798,83,minute.maid,10240,2019-11-04,1.99,0.200834686,0.145984905,0.107628101,10.45607873,0.098153547,0.330632306,0.050756901,1.346800846,1.6,3.901358126,0.261860719
13799,83,minute.maid,5824,2019-11-11,2.25,0.200834686,0.145984905,0.107628101,10.45607873,0.098153547,0.330632306,0.050756901,1.346800846,1.6,3.901358126,0.261860719
13800,83,minute.maid,29952,2019-11-18,1.68,0.200834686,0.145984905,0.107628101,10.45607873,0.098153547,0.330632306,0.050756901,1.346800846,1.6,3.901358126,0.261860719
13801,83,minute.maid,3904,2019-11-25,2.25,0.200834686,0.145984905,0.107628101,10.45607873,0.098153547,0.330632306,0.050756901,1.346800846,1.6,3.901358126,0.261860719
13909,83,dominicks,43071,2019-11-04,1.58,0.200834686,0.145984905,0.107628101,10.45607873,0.098153547,0.330632306,0.050756901,1.346800846,1.6,3.901358126,0.261860719
13910,83,dominicks,110975,2019-11-11,1.29,0.200834686,0.145984905,0.107628101,10.45607873,0.098153547,0.330632306,0.050756901,1.346800846,1.6,3.901358126,0.261860719
13911,83,dominicks,69440,2019-11-18,1.29,0.200834686,0.145984905,0.107628101,10.45607873,0.098153547,0.330632306,0.050756901,1.346800846,1.6,3.901358126,0.261860719
13912,83,dominicks,12287,2019-11-25,1.59,0.200834686,0.145984905,0.107628101,10.45607873,0.098153547,0.330632306,0.050756901,1.346800846,1.6,3.901358126,0.261860719
14021,84,tropicana,6912,2019-11-04,2.5,0.122100005,0.188094318,0.02963639,10.76561773,0.161592506,0.346358237,0.491441083,0.966161669,1.684210526,1.582358998,0.618634025
14022,84,tropicana,5440,2019-11-11,2.99,0.122100005,0.188094318,0.02963639,10.76561773,0.161592506,0.346358237,0.491441083,0.966161669,1.684210526,1.582358998,0.618634025
14023,84,tropicana,6271,2019-11-18,2.99,0.122100005,0.188094318,0.02963639,10.76561773,0.161592506,0.346358237,0.491441083,0.966161669,1.684210526,1.582358998,0.618634025
14024,84,tropicana,21952,2019-11-25,2.24,0.122100005,0.188094318,0.02963639,10.76561773,0.161592506,0.346358237,0.491441083,0.966161669,1.684210526,1.582358998,0.618634025
14134,84,minute.maid,9407,2019-11-04,1.99,0.122100005,0.188094318,0.02963639,10.76561773,0.161592506,0.346358237,0.491441083,0.966161669,1.684210526,1.582358998,0.618634025
14135,84,minute.maid,4159,2019-11-11,2.66,0.122100005,0.188094318,0.02963639,10.76561773,0.161592506,0.346358237,0.491441083,0.966161669,1.684210526,1.582358998,0.618634025
14136,84,minute.maid,27647,2019-11-18,1.99,0.122100005,0.188094318,0.02963639,10.76561773,0.161592506,0.346358237,0.491441083,0.966161669,1.684210526,1.582358998,0.618634025
14137,84,minute.maid,3775,2019-11-25,2.66,0.122100005,0.188094318,0.02963639,10.76561773,0.161592506,0.346358237,0.491441083,0.966161669,1.684210526,1.582358998,0.618634025
14247,84,dominicks,23680,2019-11-04,1.58,0.122100005,0.188094318,0.02963639,10.76561773,0.161592506,0.346358237,0.491441083,0.966161669,1.684210526,1.582358998,0.618634025
14248,84,dominicks,56448,2019-11-11,1.29,0.122100005,0.188094318,0.02963639,10.76561773,0.161592506,0.346358237,0.491441083,0.966161669,1.684210526,1.582358998,0.618634025
14249,84,dominicks,8063,2019-11-18,1.29,0.122100005,0.188094318,0.02963639,10.76561773,0.161592506,0.346358237,0.491441083,0.966161669,1.684210526,1.582358998,0.618634025
14250,84,dominicks,5760,2019-11-25,1.89,0.122100005,0.188094318,0.02963639,10.76561773,0.161592506,0.346358237,0.491441083,0.966161669,1.684210526,1.582358998,0.618634025
14360,86,tropicana,11967,2019-11-04,2.5,0.138756374,0.096763919,0.427866425,10.08897077,0.118656482,0.293206793,0.21005386,2.038235325,0.952380952,1.165745204,0.460779411
14361,86,tropicana,5695,2019-11-11,2.99,0.138756374,0.096763919,0.427866425,10.08897077,0.118656482,0.293206793,0.21005386,2.038235325,0.952380952,1.165745204,0.460779411
14362,86,tropicana,8960,2019-11-18,2.99,0.138756374,0.096763919,0.427866425,10.08897077,0.118656482,0.293206793,0.21005386,2.038235325,0.952380952,1.165745204,0.460779411
14363,86,tropicana,23232,2019-11-25,2.24,0.138756374,0.096763919,0.427866425,10.08897077,0.118656482,0.293206793,0.21005386,2.038235325,0.952380952,1.165745204,0.460779411
14479,86,minute.maid,11263,2019-11-04,1.99,0.138756374,0.096763919,0.427866425,10.08897077,0.118656482,0.293206793,0.21005386,2.038235325,0.952380952,1.165745204,0.460779411
14480,86,minute.maid,4096,2019-11-11,2.66,0.138756374,0.096763919,0.427866425,10.08897077,0.118656482,0.293206793,0.21005386,2.038235325,0.952380952,1.165745204,0.460779411
14481,86,minute.maid,30271,2019-11-18,1.99,0.138756374,0.096763919,0.427866425,10.08897077,0.118656482,0.293206793,0.21005386,2.038235325,0.952380952,1.165745204,0.460779411
14482,86,minute.maid,2751,2019-11-25,2.66,0.138756374,0.096763919,0.427866425,10.08897077,0.118656482,0.293206793,0.21005386,2.038235325,0.952380952,1.165745204,0.460779411
14598,86,dominicks,14847,2019-11-04,1.58,0.138756374,0.096763919,0.427866425,10.08897077,0.118656482,0.293206793,0.21005386,2.038235325,0.952380952,1.165745204,0.460779411
14599,86,dominicks,79168,2019-11-11,1.29,0.138756374,0.096763919,0.427866425,10.08897077,0.118656482,0.293206793,0.21005386,2.038235325,0.952380952,1.165745204,0.460779411
14600,86,dominicks,15295,2019-11-18,1.29,0.138756374,0.096763919,0.427866425,10.08897077,0.118656482,0.293206793,0.21005386,2.038235325,0.952380952,1.165745204,0.460779411
14601,86,dominicks,9471,2019-11-25,1.89,0.138756374,0.096763919,0.427866425,10.08897077,0.118656482,0.293206793,0.21005386,2.038235325,0.952380952,1.165745204,0.460779411
14714,88,tropicana,6144,2019-11-04,2.5,0.160414212,0.15163275,0.142928009,10.54980515,0.13516767,0.401899961,0.18957346,4.981954638,1.6,2.087538672,0.489796498
14715,88,tropicana,3583,2019-11-11,2.99,0.160414212,0.15163275,0.142928009,10.54980515,0.13516767,0.401899961,0.18957346,4.981954638,1.6,2.087538672,0.489796498
14716,88,tropicana,5440,2019-11-18,2.99,0.160414212,0.15163275,0.142928009,10.54980515,0.13516767,0.401899961,0.18957346,4.981954638,1.6,2.087538672,0.489796498
14717,88,tropicana,11136,2019-11-25,2.24,0.160414212,0.15163275,0.142928009,10.54980515,0.13516767,0.401899961,0.18957346,4.981954638,1.6,2.087538672,0.489796498
14830,88,minute.maid,8384,2019-11-04,1.99,0.160414212,0.15163275,0.142928009,10.54980515,0.13516767,0.401899961,0.18957346,4.981954638,1.6,2.087538672,0.489796498
14831,88,minute.maid,3840,2019-11-11,2.66,0.160414212,0.15163275,0.142928009,10.54980515,0.13516767,0.401899961,0.18957346,4.981954638,1.6,2.087538672,0.489796498
14832,88,minute.maid,19648,2019-11-18,1.99,0.160414212,0.15163275,0.142928009,10.54980515,0.13516767,0.401899961,0.18957346,4.981954638,1.6,2.087538672,0.489796498
14833,88,minute.maid,3136,2019-11-25,2.66,0.160414212,0.15163275,0.142928009,10.54980515,0.13516767,0.401899961,0.18957346,4.981954638,1.6,2.087538672,0.489796498
14946,88,dominicks,15168,2019-11-04,1.58,0.160414212,0.15163275,0.142928009,10.54980515,0.13516767,0.401899961,0.18957346,4.981954638,1.6,2.087538672,0.489796498
14947,88,dominicks,54272,2019-11-11,1.29,0.160414212,0.15163275,0.142928009,10.54980515,0.13516767,0.401899961,0.18957346,4.981954638,1.6,2.087538672,0.489796498
14948,88,dominicks,28544,2019-11-18,1.29,0.160414212,0.15163275,0.142928009,10.54980515,0.13516767,0.401899961,0.18957346,4.981954638,1.6,2.087538672,0.489796498
14949,88,dominicks,9088,2019-11-25,1.89,0.160414212,0.15163275,0.142928009,10.54980515,0.13516767,0.401899961,0.18957346,4.981954638,1.6,2.087538672,0.489796498
15063,89,tropicana,6208,2019-11-04,2.56,0.205811359,0.053349435,0.353053696,10.30811898,0.158335448,0.297890415,0.00250941,7.139074251,1.526315789,1.734594238,0.232061895
15064,89,tropicana,3520,2019-11-11,2.89,0.205811359,0.053349435,0.353053696,10.30811898,0.158335448,0.297890415,0.00250941,7.139074251,1.526315789,1.734594238,0.232061895
15065,89,tropicana,4672,2019-11-18,2.45,0.205811359,0.053349435,0.353053696,10.30811898,0.158335448,0.297890415,0.00250941,7.139074251,1.526315789,1.734594238,0.232061895
15066,89,tropicana,23103,2019-11-25,2.15,0.205811359,0.053349435,0.353053696,10.30811898,0.158335448,0.297890415,0.00250941,7.139074251,1.526315789,1.734594238,0.232061895
15182,89,minute.maid,12607,2019-11-04,2.04,0.205811359,0.053349435,0.353053696,10.30811898,0.158335448,0.297890415,0.00250941,7.139074251,1.526315789,1.734594238,0.232061895
15183,89,minute.maid,4032,2019-11-11,2.39,0.205811359,0.053349435,0.353053696,10.30811898,0.158335448,0.297890415,0.00250941,7.139074251,1.526315789,1.734594238,0.232061895
15184,89,minute.maid,34495,2019-11-18,1.79,0.205811359,0.053349435,0.353053696,10.30811898,0.158335448,0.297890415,0.00250941,7.139074251,1.526315789,1.734594238,0.232061895
15185,89,minute.maid,3712,2019-11-25,2.39,0.205811359,0.053349435,0.353053696,10.30811898,0.158335448,0.297890415,0.00250941,7.139074251,1.526315789,1.734594238,0.232061895
15301,89,dominicks,28992,2019-11-04,1.49,0.205811359,0.053349435,0.353053696,10.30811898,0.158335448,0.297890415,0.00250941,7.139074251,1.526315789,1.734594238,0.232061895
15302,89,dominicks,106496,2019-11-11,1.29,0.205811359,0.053349435,0.353053696,10.30811898,0.158335448,0.297890415,0.00250941,7.139074251,1.526315789,1.734594238,0.232061895
15303,89,dominicks,15872,2019-11-18,1.38,0.205811359,0.053349435,0.353053696,10.30811898,0.158335448,0.297890415,0.00250941,7.139074251,1.526315789,1.734594238,0.232061895
15304,89,dominicks,12415,2019-11-25,1.69,0.205811359,0.053349435,0.353053696,10.30811898,0.158335448,0.297890415,0.00250941,7.139074251,1.526315789,1.734594238,0.232061895
15422,90,tropicana,8575,2019-11-04,2.5,0.225219573,0.050193454,0.268367489,10.5046565,0.124328331,0.244462674,0.005700872,12.84014961,2.461538462,4.107901798,0.370342571
15423,90,tropicana,4479,2019-11-18,3.19,0.225219573,0.050193454,0.268367489,10.5046565,0.124328331,0.244462674,0.005700872,12.84014961,2.461538462,4.107901798,0.370342571
15424,90,tropicana,16064,2019-11-25,2.39,0.225219573,0.050193454,0.268367489,10.5046565,0.124328331,0.244462674,0.005700872,12.84014961,2.461538462,4.107901798,0.370342571
15540,90,minute.maid,6656,2019-11-04,1.99,0.225219573,0.050193454,0.268367489,10.5046565,0.124328331,0.244462674,0.005700872,12.84014961,2.461538462,4.107901798,0.370342571
15541,90,minute.maid,18496,2019-11-18,2.09,0.225219573,0.050193454,0.268367489,10.5046565,0.124328331,0.244462674,0.005700872,12.84014961,2.461538462,4.107901798,0.370342571
15542,90,minute.maid,2367,2019-11-25,2.79,0.225219573,0.050193454,0.268367489,10.5046565,0.124328331,0.244462674,0.005700872,12.84014961,2.461538462,4.107901798,0.370342571
15658,90,dominicks,25663,2019-11-04,1.58,0.225219573,0.050193454,0.268367489,10.5046565,0.124328331,0.244462674,0.005700872,12.84014961,2.461538462,4.107901798,0.370342571
15659,90,dominicks,15936,2019-11-18,1.29,0.225219573,0.050193454,0.268367489,10.5046565,0.124328331,0.244462674,0.005700872,12.84014961,2.461538462,4.107901798,0.370342571
15660,90,dominicks,6144,2019-11-25,1.99,0.225219573,0.050193454,0.268367489,10.5046565,0.124328331,0.244462674,0.005700872,12.84014961,2.461538462,4.107901798,0.370342571
15772,91,tropicana,8575,2019-11-04,2.5,0.255730611,0.144310113,0.024680506,10.53844932,0.108284634,0.289097744,0.144424674,6.292594104,2.571428571,2.089837391,0.681790161
15773,91,tropicana,4096,2019-11-11,2.99,0.255730611,0.144310113,0.024680506,10.53844932,0.108284634,0.289097744,0.144424674,6.292594104,2.571428571,2.089837391,0.681790161
15774,91,tropicana,5056,2019-11-18,2.99,0.255730611,0.144310113,0.024680506,10.53844932,0.108284634,0.289097744,0.144424674,6.292594104,2.571428571,2.089837391,0.681790161
15775,91,tropicana,16575,2019-11-25,2.24,0.255730611,0.144310113,0.024680506,10.53844932,0.108284634,0.289097744,0.144424674,6.292594104,2.571428571,2.089837391,0.681790161
15887,91,minute.maid,6463,2019-11-04,1.99,0.255730611,0.144310113,0.024680506,10.53844932,0.108284634,0.289097744,0.144424674,6.292594104,2.571428571,2.089837391,0.681790161
15888,91,minute.maid,3967,2019-11-11,2.66,0.255730611,0.144310113,0.024680506,10.53844932,0.108284634,0.289097744,0.144424674,6.292594104,2.571428571,2.089837391,0.681790161
15889,91,minute.maid,27839,2019-11-18,1.99,0.255730611,0.144310113,0.024680506,10.53844932,0.108284634,0.289097744,0.144424674,6.292594104,2.571428571,2.089837391,0.681790161
15890,91,minute.maid,2944,2019-11-25,2.66,0.255730611,0.144310113,0.024680506,10.53844932,0.108284634,0.289097744,0.144424674,6.292594104,2.571428571,2.089837391,0.681790161
16002,91,dominicks,6208,2019-11-04,1.58,0.255730611,0.144310113,0.024680506,10.53844932,0.108284634,0.289097744,0.144424674,6.292594104,2.571428571,2.089837391,0.681790161
16003,91,dominicks,82239,2019-11-11,1.29,0.255730611,0.144310113,0.024680506,10.53844932,0.108284634,0.289097744,0.144424674,6.292594104,2.571428571,2.089837391,0.681790161
16004,91,dominicks,14272,2019-11-18,1.29,0.255730611,0.144310113,0.024680506,10.53844932,0.108284634,0.289097744,0.144424674,6.292594104,2.571428571,2.089837391,0.681790161
16005,91,dominicks,7231,2019-11-25,1.89,0.255730611,0.144310113,0.024680506,10.53844932,0.108284634,0.289097744,0.144424674,6.292594104,2.571428571,2.089837391,0.681790161
16119,92,tropicana,6463,2019-11-04,2.5,0.137827632,0.27012665,0.375388716,10.65780038,0.15049505,0.323033209,0.134417808,3.764544229,2.25,1.591835871,0.348654011
16120,92,tropicana,3328,2019-11-11,2.99,0.137827632,0.27012665,0.375388716,10.65780038,0.15049505,0.323033209,0.134417808,3.764544229,2.25,1.591835871,0.348654011
16121,92,tropicana,3392,2019-11-18,2.99,0.137827632,0.27012665,0.375388716,10.65780038,0.15049505,0.323033209,0.134417808,3.764544229,2.25,1.591835871,0.348654011
16122,92,tropicana,16959,2019-11-25,2.24,0.137827632,0.27012665,0.375388716,10.65780038,0.15049505,0.323033209,0.134417808,3.764544229,2.25,1.591835871,0.348654011
16238,92,minute.maid,8320,2019-11-04,1.99,0.137827632,0.27012665,0.375388716,10.65780038,0.15049505,0.323033209,0.134417808,3.764544229,2.25,1.591835871,0.348654011
16239,92,minute.maid,4032,2019-11-11,2.66,0.137827632,0.27012665,0.375388716,10.65780038,0.15049505,0.323033209,0.134417808,3.764544229,2.25,1.591835871,0.348654011
16240,92,minute.maid,21184,2019-11-18,1.99,0.137827632,0.27012665,0.375388716,10.65780038,0.15049505,0.323033209,0.134417808,3.764544229,2.25,1.591835871,0.348654011
16241,92,minute.maid,3392,2019-11-25,2.66,0.137827632,0.27012665,0.375388716,10.65780038,0.15049505,0.323033209,0.134417808,3.764544229,2.25,1.591835871,0.348654011
16357,92,dominicks,12351,2019-11-04,1.58,0.137827632,0.27012665,0.375388716,10.65780038,0.15049505,0.323033209,0.134417808,3.764544229,2.25,1.591835871,0.348654011
16358,92,dominicks,64448,2019-11-11,1.29,0.137827632,0.27012665,0.375388716,10.65780038,0.15049505,0.323033209,0.134417808,3.764544229,2.25,1.591835871,0.348654011
16359,92,dominicks,28159,2019-11-18,1.29,0.137827632,0.27012665,0.375388716,10.65780038,0.15049505,0.323033209,0.134417808,3.764544229,2.25,1.591835871,0.348654011
16360,92,dominicks,8575,2019-11-25,1.89,0.137827632,0.27012665,0.375388716,10.65780038,0.15049505,0.323033209,0.134417808,3.764544229,2.25,1.591835871,0.348654011
16469,93,tropicana,16959,2019-11-04,2.5,0.142390194,0.363016383,0.347395301,10.36719012,0.072001002,0.420637376,0.491839763,13.1902194,0.666666667,1.331641281,0.222243272
16470,93,tropicana,7424,2019-11-11,3.19,0.142390194,0.363016383,0.347395301,10.36719012,0.072001002,0.420637376,0.491839763,13.1902194,0.666666667,1.331641281,0.222243272
16471,93,tropicana,13951,2019-11-18,3.19,0.142390194,0.363016383,0.347395301,10.36719012,0.072001002,0.420637376,0.491839763,13.1902194,0.666666667,1.331641281,0.222243272
16472,93,tropicana,34559,2019-11-25,2.39,0.142390194,0.363016383,0.347395301,10.36719012,0.072001002,0.420637376,0.491839763,13.1902194,0.666666667,1.331641281,0.222243272
16581,93,minute.maid,14272,2019-11-04,1.99,0.142390194,0.363016383,0.347395301,10.36719012,0.072001002,0.420637376,0.491839763,13.1902194,0.666666667,1.331641281,0.222243272
16582,93,minute.maid,6399,2019-11-11,2.79,0.142390194,0.363016383,0.347395301,10.36719012,0.072001002,0.420637376,0.491839763,13.1902194,0.666666667,1.331641281,0.222243272
16583,93,minute.maid,26304,2019-11-18,2.09,0.142390194,0.363016383,0.347395301,10.36719012,0.072001002,0.420637376,0.491839763,13.1902194,0.666666667,1.331641281,0.222243272
16584,93,minute.maid,4672,2019-11-25,2.79,0.142390194,0.363016383,0.347395301,10.36719012,0.072001002,0.420637376,0.491839763,13.1902194,0.666666667,1.331641281,0.222243272
16693,93,dominicks,6528,2019-11-04,1.58,0.142390194,0.363016383,0.347395301,10.36719012,0.072001002,0.420637376,0.491839763,13.1902194,0.666666667,1.331641281,0.222243272
16694,93,dominicks,64639,2019-11-11,1.29,0.142390194,0.363016383,0.347395301,10.36719012,0.072001002,0.420637376,0.491839763,13.1902194,0.666666667,1.331641281,0.222243272
16695,93,dominicks,7872,2019-11-18,1.29,0.142390194,0.363016383,0.347395301,10.36719012,0.072001002,0.420637376,0.491839763,13.1902194,0.666666667,1.331641281,0.222243272
16696,93,dominicks,9024,2019-11-25,1.99,0.142390194,0.363016383,0.347395301,10.36719012,0.072001002,0.420637376,0.491839763,13.1902194,0.666666667,1.331641281,0.222243272
16808,94,tropicana,14912,2019-11-04,2.5,0.103002197,0.229390404,0.059311691,10.7445158,0.128111377,0.402313223,0.367446809,3.960019335,1.494736842,1.804932958,0.42732801
16809,94,tropicana,7807,2019-11-11,2.89,0.103002197,0.229390404,0.059311691,10.7445158,0.128111377,0.402313223,0.367446809,3.960019335,1.494736842,1.804932958,0.42732801
16810,94,tropicana,7424,2019-11-18,2.89,0.103002197,0.229390404,0.059311691,10.7445158,0.128111377,0.402313223,0.367446809,3.960019335,1.494736842,1.804932958,0.42732801
16811,94,tropicana,14464,2019-11-25,2.16,0.103002197,0.229390404,0.059311691,10.7445158,0.128111377,0.402313223,0.367446809,3.960019335,1.494736842,1.804932958,0.42732801
16923,94,minute.maid,9343,2019-11-04,1.99,0.103002197,0.229390404,0.059311691,10.7445158,0.128111377,0.402313223,0.367446809,3.960019335,1.494736842,1.804932958,0.42732801
16924,94,minute.maid,8191,2019-11-11,2.39,0.103002197,0.229390404,0.059311691,10.7445158,0.128111377,0.402313223,0.367446809,3.960019335,1.494736842,1.804932958,0.42732801
16925,94,minute.maid,18367,2019-11-18,1.79,0.103002197,0.229390404,0.059311691,10.7445158,0.128111377,0.402313223,0.367446809,3.960019335,1.494736842,1.804932958,0.42732801
16926,94,minute.maid,5887,2019-11-25,2.39,0.103002197,0.229390404,0.059311691,10.7445158,0.128111377,0.402313223,0.367446809,3.960019335,1.494736842,1.804932958,0.42732801
17038,94,dominicks,7424,2019-11-04,1.58,0.103002197,0.229390404,0.059311691,10.7445158,0.128111377,0.402313223,0.367446809,3.960019335,1.494736842,1.804932958,0.42732801
17039,94,dominicks,32768,2019-11-11,1.29,0.103002197,0.229390404,0.059311691,10.7445158,0.128111377,0.402313223,0.367446809,3.960019335,1.494736842,1.804932958,0.42732801
17040,94,dominicks,6912,2019-11-18,1.29,0.103002197,0.229390404,0.059311691,10.7445158,0.128111377,0.402313223,0.367446809,3.960019335,1.494736842,1.804932958,0.42732801
17041,94,dominicks,8512,2019-11-25,1.69,0.103002197,0.229390404,0.059311691,10.7445158,0.128111377,0.402313223,0.367446809,3.960019335,1.494736842,1.804932958,0.42732801
17156,95,tropicana,4672,2019-11-11,3.19,0.230717504,0.085642082,0.096900007,10.38347245,0.105074321,0.292846213,0.042876284,8.551712371,1.428571429,2.007203953,0.489206218
17157,95,tropicana,5567,2019-11-18,3.19,0.230717504,0.085642082,0.096900007,10.38347245,0.105074321,0.292846213,0.042876284,8.551712371,1.428571429,2.007203953,0.489206218
17158,95,tropicana,16832,2019-11-25,2.39,0.230717504,0.085642082,0.096900007,10.38347245,0.105074321,0.292846213,0.042876284,8.551712371,1.428571429,2.007203953,0.489206218
17272,95,minute.maid,3200,2019-11-11,2.79,0.230717504,0.085642082,0.096900007,10.38347245,0.105074321,0.292846213,0.042876284,8.551712371,1.428571429,2.007203953,0.489206218
17273,95,minute.maid,20159,2019-11-18,2.09,0.230717504,0.085642082,0.096900007,10.38347245,0.105074321,0.292846213,0.042876284,8.551712371,1.428571429,2.007203953,0.489206218
17274,95,minute.maid,2560,2019-11-25,2.79,0.230717504,0.085642082,0.096900007,10.38347245,0.105074321,0.292846213,0.042876284,8.551712371,1.428571429,2.007203953,0.489206218
17388,95,dominicks,76480,2019-11-11,1.29,0.230717504,0.085642082,0.096900007,10.38347245,0.105074321,0.292846213,0.042876284,8.551712371,1.428571429,2.007203953,0.489206218
17389,95,dominicks,15360,2019-11-18,1.29,0.230717504,0.085642082,0.096900007,10.38347245,0.105074321,0.292846213,0.042876284,8.551712371,1.428571429,2.007203953,0.489206218
17390,95,dominicks,12607,2019-11-25,1.99,0.230717504,0.085642082,0.096900007,10.38347245,0.105074321,0.292846213,0.042876284,8.551712371,1.428571429,2.007203953,0.489206218
17506,97,tropicana,3775,2019-11-04,2.5,0.142433234,0.178182783,0.233612085,10.48374595,0.139324117,0.390218878,0.135732648,16.73439396,1.1875,2.520728232,0.271672959
17507,97,tropicana,1919,2019-11-11,2.99,0.142433234,0.178182783,0.233612085,10.48374595,0.139324117,0.390218878,0.135732648,16.73439396,1.1875,2.520728232,0.271672959
17508,97,tropicana,2496,2019-11-18,2.99,0.142433234,0.178182783,0.233612085,10.48374595,0.139324117,0.390218878,0.135732648,16.73439396,1.1875,2.520728232,0.271672959
17509,97,tropicana,12480,2019-11-25,2.24,0.142433234,0.178182783,0.233612085,10.48374595,0.139324117,0.390218878,0.135732648,16.73439396,1.1875,2.520728232,0.271672959
17626,97,minute.maid,8256,2019-11-04,1.99,0.142433234,0.178182783,0.233612085,10.48374595,0.139324117,0.390218878,0.135732648,16.73439396,1.1875,2.520728232,0.271672959
17627,97,minute.maid,2047,2019-11-11,2.66,0.142433234,0.178182783,0.233612085,10.48374595,0.139324117,0.390218878,0.135732648,16.73439396,1.1875,2.520728232,0.271672959
17628,97,minute.maid,13567,2019-11-18,1.99,0.142433234,0.178182783,0.233612085,10.48374595,0.139324117,0.390218878,0.135732648,16.73439396,1.1875,2.520728232,0.271672959
17629,97,minute.maid,1855,2019-11-25,2.66,0.142433234,0.178182783,0.233612085,10.48374595,0.139324117,0.390218878,0.135732648,16.73439396,1.1875,2.520728232,0.271672959
17746,97,dominicks,7936,2019-11-04,1.58,0.142433234,0.178182783,0.233612085,10.48374595,0.139324117,0.390218878,0.135732648,16.73439396,1.1875,2.520728232,0.271672959
17747,97,dominicks,37376,2019-11-11,1.29,0.142433234,0.178182783,0.233612085,10.48374595,0.139324117,0.390218878,0.135732648,16.73439396,1.1875,2.520728232,0.271672959
17748,97,dominicks,6720,2019-11-18,1.29,0.142433234,0.178182783,0.233612085,10.48374595,0.139324117,0.390218878,0.135732648,16.73439396,1.1875,2.520728232,0.271672959
17749,97,dominicks,4864,2019-11-25,1.89,0.142433234,0.178182783,0.233612085,10.48374595,0.139324117,0.390218878,0.135732648,16.73439396,1.1875,2.520728232,0.271672959
17864,98,tropicana,11519,2019-11-04,2.59,0.24920053,0.051702821,0.164963731,10.57359638,0.125409403,0.299584392,0.009843473,6.23035712,1.5,3.133176717,0.381569368
17865,98,tropicana,7872,2019-11-11,2.96,0.24920053,0.051702821,0.164963731,10.57359638,0.125409403,0.299584392,0.009843473,6.23035712,1.5,3.133176717,0.381569368
17866,98,tropicana,9856,2019-11-18,2.62,0.24920053,0.051702821,0.164963731,10.57359638,0.125409403,0.299584392,0.009843473,6.23035712,1.5,3.133176717,0.381569368
17867,98,tropicana,30080,2019-11-25,2.24,0.24920053,0.051702821,0.164963731,10.57359638,0.125409403,0.299584392,0.009843473,6.23035712,1.5,3.133176717,0.381569368
17982,98,minute.maid,10431,2019-11-04,2.09,0.24920053,0.051702821,0.164963731,10.57359638,0.125409403,0.299584392,0.009843473,6.23035712,1.5,3.133176717,0.381569368
17983,98,minute.maid,21952,2019-11-11,1.36,0.24920053,0.051702821,0.164963731,10.57359638,0.125409403,0.299584392,0.009843473,6.23035712,1.5,3.133176717,0.381569368
17984,98,minute.maid,37696,2019-11-18,1.99,0.24920053,0.051702821,0.164963731,10.57359638,0.125409403,0.299584392,0.009843473,6.23035712,1.5,3.133176717,0.381569368
17985,98,minute.maid,4096,2019-11-25,2.66,0.24920053,0.051702821,0.164963731,10.57359638,0.125409403,0.299584392,0.009843473,6.23035712,1.5,3.133176717,0.381569368
18100,98,dominicks,48703,2019-11-04,1.5,0.24920053,0.051702821,0.164963731,10.57359638,0.125409403,0.299584392,0.009843473,6.23035712,1.5,3.133176717,0.381569368
18101,98,dominicks,111104,2019-11-11,1.29,0.24920053,0.051702821,0.164963731,10.57359638,0.125409403,0.299584392,0.009843473,6.23035712,1.5,3.133176717,0.381569368
18102,98,dominicks,16575,2019-11-18,1.44,0.24920053,0.051702821,0.164963731,10.57359638,0.125409403,0.299584392,0.009843473,6.23035712,1.5,3.133176717,0.381569368
18103,98,dominicks,16767,2019-11-25,1.89,0.24920053,0.051702821,0.164963731,10.57359638,0.125409403,0.299584392,0.009843473,6.23035712,1.5,3.133176717,0.381569368
18219,100,tropicana,12415,2019-11-04,2.58,0.136995144,0.049550286,0.564086801,10.0365751,0.216354344,0.267233951,0.011117974,8.369534986,1.115384615,2.109824346,0.197683955
18220,100,tropicana,6271,2019-11-11,2.99,0.136995144,0.049550286,0.564086801,10.0365751,0.216354344,0.267233951,0.011117974,8.369534986,1.115384615,2.109824346,0.197683955
18221,100,tropicana,8128,2019-11-18,2.66,0.136995144,0.049550286,0.564086801,10.0365751,0.216354344,0.267233951,0.011117974,8.369534986,1.115384615,2.109824346,0.197683955
18222,100,tropicana,37888,2019-11-25,2.24,0.136995144,0.049550286,0.564086801,10.0365751,0.216354344,0.267233951,0.011117974,8.369534986,1.115384615,2.109824346,0.197683955
18338,100,minute.maid,15231,2019-11-04,2.05,0.136995144,0.049550286,0.564086801,10.0365751,0.216354344,0.267233951,0.011117974,8.369534986,1.115384615,2.109824346,0.197683955
18339,100,minute.maid,4800,2019-11-11,2.66,0.136995144,0.049550286,0.564086801,10.0365751,0.216354344,0.267233951,0.011117974,8.369534986,1.115384615,2.109824346,0.197683955
18340,100,minute.maid,45248,2019-11-18,1.99,0.136995144,0.049550286,0.564086801,10.0365751,0.216354344,0.267233951,0.011117974,8.369534986,1.115384615,2.109824346,0.197683955
18341,100,minute.maid,4288,2019-11-25,2.66,0.136995144,0.049550286,0.564086801,10.0365751,0.216354344,0.267233951,0.011117974,8.369534986,1.115384615,2.109824346,0.197683955
18457,100,dominicks,9471,2019-11-04,1.41,0.136995144,0.049550286,0.564086801,10.0365751,0.216354344,0.267233951,0.011117974,8.369534986,1.115384615,2.109824346,0.197683955
18458,100,dominicks,103104,2019-11-11,1.29,0.136995144,0.049550286,0.564086801,10.0365751,0.216354344,0.267233951,0.011117974,8.369534986,1.115384615,2.109824346,0.197683955
18459,100,dominicks,8384,2019-11-18,1.45,0.136995144,0.049550286,0.564086801,10.0365751,0.216354344,0.267233951,0.011117974,8.369534986,1.115384615,2.109824346,0.197683955
18460,100,dominicks,9984,2019-11-25,1.89,0.136995144,0.049550286,0.564086801,10.0365751,0.216354344,0.267233951,0.011117974,8.369534986,1.115384615,2.109824346,0.197683955
18578,101,tropicana,13120,2019-11-04,2.56,0.225035218,0.174741859,0.087422017,10.65993812,0.096042271,0.390065147,0.354573672,4.849622717,0.5,2.200317948,0.342081421
18579,101,tropicana,6848,2019-11-11,2.99,0.225035218,0.174741859,0.087422017,10.65993812,0.096042271,0.390065147,0.354573672,4.849622717,0.5,2.200317948,0.342081421
18580,101,tropicana,8128,2019-11-18,2.67,0.225035218,0.174741859,0.087422017,10.65993812,0.096042271,0.390065147,0.354573672,4.849622717,0.5,2.200317948,0.342081421
18581,101,tropicana,21375,2019-11-25,2.24,0.225035218,0.174741859,0.087422017,10.65993812,0.096042271,0.390065147,0.354573672,4.849622717,0.5,2.200317948,0.342081421
18699,101,minute.maid,14207,2019-11-04,2.09,0.225035218,0.174741859,0.087422017,10.65993812,0.096042271,0.390065147,0.354573672,4.849622717,0.5,2.200317948,0.342081421
18700,101,minute.maid,3967,2019-11-11,2.66,0.225035218,0.174741859,0.087422017,10.65993812,0.096042271,0.390065147,0.354573672,4.849622717,0.5,2.200317948,0.342081421
18701,101,minute.maid,22464,2019-11-18,1.99,0.225035218,0.174741859,0.087422017,10.65993812,0.096042271,0.390065147,0.354573672,4.849622717,0.5,2.200317948,0.342081421
18702,101,minute.maid,6144,2019-11-25,2.66,0.225035218,0.174741859,0.087422017,10.65993812,0.096042271,0.390065147,0.354573672,4.849622717,0.5,2.200317948,0.342081421
18820,101,dominicks,8960,2019-11-04,1.37,0.225035218,0.174741859,0.087422017,10.65993812,0.096042271,0.390065147,0.354573672,4.849622717,0.5,2.200317948,0.342081421
18821,101,dominicks,70399,2019-11-11,1.29,0.225035218,0.174741859,0.087422017,10.65993812,0.096042271,0.390065147,0.354573672,4.849622717,0.5,2.200317948,0.342081421
18822,101,dominicks,24831,2019-11-18,1.37,0.225035218,0.174741859,0.087422017,10.65993812,0.096042271,0.390065147,0.354573672,4.849622717,0.5,2.200317948,0.342081421
18823,101,dominicks,14976,2019-11-25,1.89,0.225035218,0.174741859,0.087422017,10.65993812,0.096042271,0.390065147,0.354573672,4.849622717,0.5,2.200317948,0.342081421
18935,102,tropicana,23103,2019-11-04,2.55,0.216626232,0.120657539,0.172158585,10.49385422,0.13893104,0.289944134,0.034301485,5.844058186,0.689655172,2.353846891,0.158903149
18936,102,tropicana,6656,2019-11-11,2.89,0.216626232,0.120657539,0.172158585,10.49385422,0.13893104,0.289944134,0.034301485,5.844058186,0.689655172,2.353846891,0.158903149
18937,102,tropicana,9535,2019-11-18,2.48,0.216626232,0.120657539,0.172158585,10.49385422,0.13893104,0.289944134,0.034301485,5.844058186,0.689655172,2.353846891,0.158903149
18938,102,tropicana,34368,2019-11-25,2.16,0.216626232,0.120657539,0.172158585,10.49385422,0.13893104,0.289944134,0.034301485,5.844058186,0.689655172,2.353846891,0.158903149
19050,102,minute.maid,18496,2019-11-04,2.07,0.216626232,0.120657539,0.172158585,10.49385422,0.13893104,0.289944134,0.034301485,5.844058186,0.689655172,2.353846891,0.158903149
19051,102,minute.maid,6592,2019-11-11,2.39,0.216626232,0.120657539,0.172158585,10.49385422,0.13893104,0.289944134,0.034301485,5.844058186,0.689655172,2.353846891,0.158903149
19052,102,minute.maid,56511,2019-11-18,1.79,0.216626232,0.120657539,0.172158585,10.49385422,0.13893104,0.289944134,0.034301485,5.844058186,0.689655172,2.353846891,0.158903149
19053,102,minute.maid,3840,2019-11-25,2.39,0.216626232,0.120657539,0.172158585,10.49385422,0.13893104,0.289944134,0.034301485,5.844058186,0.689655172,2.353846891,0.158903149
19165,102,dominicks,24959,2019-11-04,1.39,0.216626232,0.120657539,0.172158585,10.49385422,0.13893104,0.289944134,0.034301485,5.844058186,0.689655172,2.353846891,0.158903149
19166,102,dominicks,171135,2019-11-11,1.29,0.216626232,0.120657539,0.172158585,10.49385422,0.13893104,0.289944134,0.034301485,5.844058186,0.689655172,2.353846891,0.158903149
19167,102,dominicks,59775,2019-11-18,1.37,0.216626232,0.120657539,0.172158585,10.49385422,0.13893104,0.289944134,0.034301485,5.844058186,0.689655172,2.353846891,0.158903149
19168,102,dominicks,41791,2019-11-25,1.69,0.216626232,0.120657539,0.172158585,10.49385422,0.13893104,0.289944134,0.034301485,5.844058186,0.689655172,2.353846891,0.158903149
19281,103,tropicana,3904,2019-11-04,2.59,0.058053966,0.194621102,0.187760899,10.58524512,0.204916868,0.36129428,0.090007348,5.100649474,1.2,3.300102441,0.421982695
19282,103,tropicana,2112,2019-11-11,2.89,0.058053966,0.194621102,0.187760899,10.58524512,0.204916868,0.36129428,0.090007348,5.100649474,1.2,3.300102441,0.421982695
19283,103,tropicana,4416,2019-11-18,2.45,0.058053966,0.194621102,0.187760899,10.58524512,0.204916868,0.36129428,0.090007348,5.100649474,1.2,3.300102441,0.421982695
19284,103,tropicana,15680,2019-11-25,2.16,0.058053966,0.194621102,0.187760899,10.58524512,0.204916868,0.36129428,0.090007348,5.100649474,1.2,3.300102441,0.421982695
19396,103,minute.maid,5824,2019-11-04,2.1,0.058053966,0.194621102,0.187760899,10.58524512,0.204916868,0.36129428,0.090007348,5.100649474,1.2,3.300102441,0.421982695
19397,103,minute.maid,3136,2019-11-11,2.39,0.058053966,0.194621102,0.187760899,10.58524512,0.204916868,0.36129428,0.090007348,5.100649474,1.2,3.300102441,0.421982695
19398,103,minute.maid,24703,2019-11-18,1.79,0.058053966,0.194621102,0.187760899,10.58524512,0.204916868,0.36129428,0.090007348,5.100649474,1.2,3.300102441,0.421982695
19399,103,minute.maid,1984,2019-11-25,2.39,0.058053966,0.194621102,0.187760899,10.58524512,0.204916868,0.36129428,0.090007348,5.100649474,1.2,3.300102441,0.421982695
19511,103,dominicks,7168,2019-11-04,1.43,0.058053966,0.194621102,0.187760899,10.58524512,0.204916868,0.36129428,0.090007348,5.100649474,1.2,3.300102441,0.421982695
19512,103,dominicks,67968,2019-11-11,1.29,0.058053966,0.194621102,0.187760899,10.58524512,0.204916868,0.36129428,0.090007348,5.100649474,1.2,3.300102441,0.421982695
19513,103,dominicks,13375,2019-11-18,1.34,0.058053966,0.194621102,0.187760899,10.58524512,0.204916868,0.36129428,0.090007348,5.100649474,1.2,3.300102441,0.421982695
19514,103,dominicks,7039,2019-11-25,1.69,0.058053966,0.194621102,0.187760899,10.58524512,0.204916868,0.36129428,0.090007348,5.100649474,1.2,3.300102441,0.421982695
19625,104,tropicana,7231,2019-11-04,2.5,0.135286373,0.249684461,0.039405624,10.69885282,0.117514274,0.405306896,0.407496492,11.94482409,1.052631579,1.342004856,0.189129482
19626,104,tropicana,5119,2019-11-11,2.99,0.135286373,0.249684461,0.039405624,10.69885282,0.117514274,0.405306896,0.407496492,11.94482409,1.052631579,1.342004856,0.189129482
19627,104,tropicana,3840,2019-11-18,2.99,0.135286373,0.249684461,0.039405624,10.69885282,0.117514274,0.405306896,0.407496492,11.94482409,1.052631579,1.342004856,0.189129482
19628,104,tropicana,10944,2019-11-25,2.24,0.135286373,0.249684461,0.039405624,10.69885282,0.117514274,0.405306896,0.407496492,11.94482409,1.052631579,1.342004856,0.189129482
19740,104,minute.maid,7360,2019-11-04,1.99,0.135286373,0.249684461,0.039405624,10.69885282,0.117514274,0.405306896,0.407496492,11.94482409,1.052631579,1.342004856,0.189129482
19741,104,minute.maid,3136,2019-11-11,2.66,0.135286373,0.249684461,0.039405624,10.69885282,0.117514274,0.405306896,0.407496492,11.94482409,1.052631579,1.342004856,0.189129482
19742,104,minute.maid,16896,2019-11-18,1.99,0.135286373,0.249684461,0.039405624,10.69885282,0.117514274,0.405306896,0.407496492,11.94482409,1.052631579,1.342004856,0.189129482
19743,104,minute.maid,2304,2019-11-25,2.66,0.135286373,0.249684461,0.039405624,10.69885282,0.117514274,0.405306896,0.407496492,11.94482409,1.052631579,1.342004856,0.189129482
19855,104,dominicks,7679,2019-11-04,1.58,0.135286373,0.249684461,0.039405624,10.69885282,0.117514274,0.405306896,0.407496492,11.94482409,1.052631579,1.342004856,0.189129482
19856,104,dominicks,50175,2019-11-11,1.29,0.135286373,0.249684461,0.039405624,10.69885282,0.117514274,0.405306896,0.407496492,11.94482409,1.052631579,1.342004856,0.189129482
19857,104,dominicks,9088,2019-11-18,1.29,0.135286373,0.249684461,0.039405624,10.69885282,0.117514274,0.405306896,0.407496492,11.94482409,1.052631579,1.342004856,0.189129482
19858,104,dominicks,4991,2019-11-25,1.89,0.135286373,0.249684461,0.039405624,10.69885282,0.117514274,0.405306896,0.407496492,11.94482409,1.052631579,1.342004856,0.189129482
19974,105,tropicana,8000,2019-11-04,2.53,0.175542126,0.094235589,0.365410594,10.41439317,0.159839527,0.360890119,0.074418605,4.037829402,0.96,3.354376593,0.520134391
19975,105,tropicana,3136,2019-11-11,2.99,0.175542126,0.094235589,0.365410594,10.41439317,0.159839527,0.360890119,0.074418605,4.037829402,0.96,3.354376593,0.520134391
19976,105,tropicana,5248,2019-11-18,2.57,0.175542126,0.094235589,0.365410594,10.41439317,0.159839527,0.360890119,0.074418605,4.037829402,0.96,3.354376593,0.520134391
19977,105,tropicana,25407,2019-11-25,2.24,0.175542126,0.094235589,0.365410594,10.41439317,0.159839527,0.360890119,0.074418605,4.037829402,0.96,3.354376593,0.520134391
20093,105,minute.maid,10111,2019-11-04,2.08,0.175542126,0.094235589,0.365410594,10.41439317,0.159839527,0.360890119,0.074418605,4.037829402,0.96,3.354376593,0.520134391
20094,105,minute.maid,3967,2019-11-11,2.66,0.175542126,0.094235589,0.365410594,10.41439317,0.159839527,0.360890119,0.074418605,4.037829402,0.96,3.354376593,0.520134391
20095,105,minute.maid,29696,2019-11-18,1.99,0.175542126,0.094235589,0.365410594,10.41439317,0.159839527,0.360890119,0.074418605,4.037829402,0.96,3.354376593,0.520134391
20096,105,minute.maid,2560,2019-11-25,2.66,0.175542126,0.094235589,0.365410594,10.41439317,0.159839527,0.360890119,0.074418605,4.037829402,0.96,3.354376593,0.520134391
20212,105,dominicks,16320,2019-11-04,1.5,0.175542126,0.094235589,0.365410594,10.41439317,0.159839527,0.360890119,0.074418605,4.037829402,0.96,3.354376593,0.520134391
20213,105,dominicks,103104,2019-11-11,1.29,0.175542126,0.094235589,0.365410594,10.41439317,0.159839527,0.360890119,0.074418605,4.037829402,0.96,3.354376593,0.520134391
20214,105,dominicks,25472,2019-11-18,1.39,0.175542126,0.094235589,0.365410594,10.41439317,0.159839527,0.360890119,0.074418605,4.037829402,0.96,3.354376593,0.520134391
20215,105,dominicks,12480,2019-11-25,1.89,0.175542126,0.094235589,0.365410594,10.41439317,0.159839527,0.360890119,0.074418605,4.037829402,0.96,3.354376593,0.520134391
20331,106,tropicana,4032,2019-11-04,2.5,0.109887349,0.157939308,0.19058587,10.50684678,0.146638759,0.367482993,0.099963249,6.250902694,0.904761905,0.991094709,0.103491755
20332,106,tropicana,1408,2019-11-11,2.99,0.109887349,0.157939308,0.19058587,10.50684678,0.146638759,0.367482993,0.099963249,6.250902694,0.904761905,0.991094709,0.103491755
20333,106,tropicana,2304,2019-11-18,2.99,0.109887349,0.157939308,0.19058587,10.50684678,0.146638759,0.367482993,0.099963249,6.250902694,0.904761905,0.991094709,0.103491755
20334,106,tropicana,6399,2019-11-25,2.24,0.109887349,0.157939308,0.19058587,10.50684678,0.146638759,0.367482993,0.099963249,6.250902694,0.904761905,0.991094709,0.103491755
20450,106,minute.maid,4543,2019-11-04,1.99,0.109887349,0.157939308,0.19058587,10.50684678,0.146638759,0.367482993,0.099963249,6.250902694,0.904761905,0.991094709,0.103491755
20451,106,minute.maid,2304,2019-11-11,2.66,0.109887349,0.157939308,0.19058587,10.50684678,0.146638759,0.367482993,0.099963249,6.250902694,0.904761905,0.991094709,0.103491755
20452,106,minute.maid,13439,2019-11-18,1.99,0.109887349,0.157939308,0.19058587,10.50684678,0.146638759,0.367482993,0.099963249,6.250902694,0.904761905,0.991094709,0.103491755
20453,106,minute.maid,2751,2019-11-25,2.66,0.109887349,0.157939308,0.19058587,10.50684678,0.146638759,0.367482993,0.099963249,6.250902694,0.904761905,0.991094709,0.103491755
20569,106,dominicks,10240,2019-11-04,1.58,0.109887349,0.157939308,0.19058587,10.50684678,0.146638759,0.367482993,0.099963249,6.250902694,0.904761905,0.991094709,0.103491755
20570,106,dominicks,38464,2019-11-11,1.29,0.109887349,0.157939308,0.19058587,10.50684678,0.146638759,0.367482993,0.099963249,6.250902694,0.904761905,0.991094709,0.103491755
20571,106,dominicks,16575,2019-11-18,1.29,0.109887349,0.157939308,0.19058587,10.50684678,0.146638759,0.367482993,0.099963249,6.250902694,0.904761905,0.991094709,0.103491755
20572,106,dominicks,7552,2019-11-25,1.89,0.109887349,0.157939308,0.19058587,10.50684678,0.146638759,0.367482993,0.099963249,6.250902694,0.904761905,0.991094709,0.103491755
20690,107,tropicana,18688,2019-11-04,2.5,0.261867453,0.273051907,0.025624482,10.82713119,0.094316953,0.311220523,0.533949633,5.821370205,1.19047619,1.994644862,0.300364461
20691,107,tropicana,10176,2019-11-11,2.99,0.261867453,0.273051907,0.025624482,10.82713119,0.094316953,0.311220523,0.533949633,5.821370205,1.19047619,1.994644862,0.300364461
20692,107,tropicana,12544,2019-11-18,2.99,0.261867453,0.273051907,0.025624482,10.82713119,0.094316953,0.311220523,0.533949633,5.821370205,1.19047619,1.994644862,0.300364461
20693,107,tropicana,38464,2019-11-25,2.24,0.261867453,0.273051907,0.025624482,10.82713119,0.094316953,0.311220523,0.533949633,5.821370205,1.19047619,1.994644862,0.300364461
20810,107,minute.maid,10303,2019-11-04,1.99,0.261867453,0.273051907,0.025624482,10.82713119,0.094316953,0.311220523,0.533949633,5.821370205,1.19047619,1.994644862,0.300364461
20811,107,minute.maid,7360,2019-11-11,2.66,0.261867453,0.273051907,0.025624482,10.82713119,0.094316953,0.311220523,0.533949633,5.821370205,1.19047619,1.994644862,0.300364461
20812,107,minute.maid,44607,2019-11-18,1.99,0.261867453,0.273051907,0.025624482,10.82713119,0.094316953,0.311220523,0.533949633,5.821370205,1.19047619,1.994644862,0.300364461
20813,107,minute.maid,4864,2019-11-25,2.66,0.261867453,0.273051907,0.025624482,10.82713119,0.094316953,0.311220523,0.533949633,5.821370205,1.19047619,1.994644862,0.300364461
20930,107,dominicks,22144,2019-11-04,1.58,0.261867453,0.273051907,0.025624482,10.82713119,0.094316953,0.311220523,0.533949633,5.821370205,1.19047619,1.994644862,0.300364461
20931,107,dominicks,67392,2019-11-11,1.29,0.261867453,0.273051907,0.025624482,10.82713119,0.094316953,0.311220523,0.533949633,5.821370205,1.19047619,1.994644862,0.300364461
20932,107,dominicks,15808,2019-11-18,1.29,0.261867453,0.273051907,0.025624482,10.82713119,0.094316953,0.311220523,0.533949633,5.821370205,1.19047619,1.994644862,0.300364461
20933,107,dominicks,4352,2019-11-25,1.89,0.261867453,0.273051907,0.025624482,10.82713119,0.094316953,0.311220523,0.533949633,5.821370205,1.19047619,1.994644862,0.300364461
21049,109,tropicana,24384,2019-11-04,2.5,0.151055656,0.476916693,0.060687451,11.23319833,0.114171257,0.340806694,0.878804348,7.481499805,0.714285714,2.416943478,0.394100191
21050,109,tropicana,16128,2019-11-11,3.19,0.151055656,0.476916693,0.060687451,11.23319833,0.114171257,0.340806694,0.878804348,7.481499805,0.714285714,2.416943478,0.394100191
21051,109,tropicana,14847,2019-11-18,3.19,0.151055656,0.476916693,0.060687451,11.23319833,0.114171257,0.340806694,0.878804348,7.481499805,0.714285714,2.416943478,0.394100191
21052,109,tropicana,68543,2019-11-25,2.39,0.151055656,0.476916693,0.060687451,11.23319833,0.114171257,0.340806694,0.878804348,7.481499805,0.714285714,2.416943478,0.394100191
21168,109,minute.maid,21375,2019-11-04,1.99,0.151055656,0.476916693,0.060687451,11.23319833,0.114171257,0.340806694,0.878804348,7.481499805,0.714285714,2.416943478,0.394100191
21169,109,minute.maid,10624,2019-11-11,2.79,0.151055656,0.476916693,0.060687451,11.23319833,0.114171257,0.340806694,0.878804348,7.481499805,0.714285714,2.416943478,0.394100191
21170,109,minute.maid,50688,2019-11-18,2.09,0.151055656,0.476916693,0.060687451,11.23319833,0.114171257,0.340806694,0.878804348,7.481499805,0.714285714,2.416943478,0.394100191
21171,109,minute.maid,8767,2019-11-25,2.79,0.151055656,0.476916693,0.060687451,11.23319833,0.114171257,0.340806694,0.878804348,7.481499805,0.714285714,2.416943478,0.394100191
21287,109,dominicks,8191,2019-11-04,1.58,0.151055656,0.476916693,0.060687451,11.23319833,0.114171257,0.340806694,0.878804348,7.481499805,0.714285714,2.416943478,0.394100191
21288,109,dominicks,55743,2019-11-11,1.29,0.151055656,0.476916693,0.060687451,11.23319833,0.114171257,0.340806694,0.878804348,7.481499805,0.714285714,2.416943478,0.394100191
21289,109,dominicks,9088,2019-11-18,1.29,0.151055656,0.476916693,0.060687451,11.23319833,0.114171257,0.340806694,0.878804348,7.481499805,0.714285714,2.416943478,0.394100191
21290,109,dominicks,3712,2019-11-25,1.99,0.151055656,0.476916693,0.060687451,11.23319833,0.114171257,0.340806694,0.878804348,7.481499805,0.714285714,2.416943478,0.394100191
21404,110,tropicana,8384,2019-11-04,2.5,0.114956688,0.167553191,0.152944449,10.52085999,0.161950632,0.404314087,0.232741256,8.458996675,0.954545455,2.335458124,0.321927182
21405,110,tropicana,4607,2019-11-11,2.99,0.114956688,0.167553191,0.152944449,10.52085999,0.161950632,0.404314087,0.232741256,8.458996675,0.954545455,2.335458124,0.321927182
21406,110,tropicana,5504,2019-11-18,2.99,0.114956688,0.167553191,0.152944449,10.52085999,0.161950632,0.404314087,0.232741256,8.458996675,0.954545455,2.335458124,0.321927182
21407,110,tropicana,22656,2019-11-25,2.24,0.114956688,0.167553191,0.152944449,10.52085999,0.161950632,0.404314087,0.232741256,8.458996675,0.954545455,2.335458124,0.321927182
21521,110,minute.maid,8512,2019-11-04,1.99,0.114956688,0.167553191,0.152944449,10.52085999,0.161950632,0.404314087,0.232741256,8.458996675,0.954545455,2.335458124,0.321927182
21522,110,minute.maid,3647,2019-11-11,2.66,0.114956688,0.167553191,0.152944449,10.52085999,0.161950632,0.404314087,0.232741256,8.458996675,0.954545455,2.335458124,0.321927182
21523,110,minute.maid,19136,2019-11-18,1.99,0.114956688,0.167553191,0.152944449,10.52085999,0.161950632,0.404314087,0.232741256,8.458996675,0.954545455,2.335458124,0.321927182
21524,110,minute.maid,2560,2019-11-25,2.66,0.114956688,0.167553191,0.152944449,10.52085999,0.161950632,0.404314087,0.232741256,8.458996675,0.954545455,2.335458124,0.321927182
21638,110,dominicks,6912,2019-11-04,1.58,0.114956688,0.167553191,0.152944449,10.52085999,0.161950632,0.404314087,0.232741256,8.458996675,0.954545455,2.335458124,0.321927182
21639,110,dominicks,58111,2019-11-11,1.29,0.114956688,0.167553191,0.152944449,10.52085999,0.161950632,0.404314087,0.232741256,8.458996675,0.954545455,2.335458124,0.321927182
21640,110,dominicks,22271,2019-11-18,1.29,0.114956688,0.167553191,0.152944449,10.52085999,0.161950632,0.404314087,0.232741256,8.458996675,0.954545455,2.335458124,0.321927182
21641,110,dominicks,6336,2019-11-25,1.89,0.114956688,0.167553191,0.152944449,10.52085999,0.161950632,0.404314087,0.232741256,8.458996675,0.954545455,2.335458124,0.321927182
21757,111,tropicana,8128,2019-11-04,2.6,0.210512842,0.096928919,0.995690759,10.13828296,0.157135934,0.288515406,0.012746711,12.19094513,1.894736842,1.465672465,0.289203431
21758,111,tropicana,3647,2019-11-11,3.19,0.210512842,0.096928919,0.995690759,10.13828296,0.157135934,0.288515406,0.012746711,12.19094513,1.894736842,1.465672465,0.289203431
21759,111,tropicana,6336,2019-11-18,2.73,0.210512842,0.096928919,0.995690759,10.13828296,0.157135934,0.288515406,0.012746711,12.19094513,1.894736842,1.465672465,0.289203431
21760,111,tropicana,34623,2019-11-25,2.39,0.210512842,0.096928919,0.995690759,10.13828296,0.157135934,0.288515406,0.012746711,12.19094513,1.894736842,1.465672465,0.289203431
21877,111,minute.maid,17279,2019-11-04,2.1,0.210512842,0.096928919,0.995690759,10.13828296,0.157135934,0.288515406,0.012746711,12.19094513,1.894736842,1.465672465,0.289203431
21878,111,minute.maid,5952,2019-11-11,2.79,0.210512842,0.096928919,0.995690759,10.13828296,0.157135934,0.288515406,0.012746711,12.19094513,1.894736842,1.465672465,0.289203431
21879,111,minute.maid,51392,2019-11-18,2.09,0.210512842,0.096928919,0.995690759,10.13828296,0.157135934,0.288515406,0.012746711,12.19094513,1.894736842,1.465672465,0.289203431
21880,111,minute.maid,3583,2019-11-25,2.79,0.210512842,0.096928919,0.995690759,10.13828296,0.157135934,0.288515406,0.012746711,12.19094513,1.894736842,1.465672465,0.289203431
21997,111,dominicks,70784,2019-11-04,1.32,0.210512842,0.096928919,0.995690759,10.13828296,0.157135934,0.288515406,0.012746711,12.19094513,1.894736842,1.465672465,0.289203431
21998,111,dominicks,245247,2019-11-11,1.29,0.210512842,0.096928919,0.995690759,10.13828296,0.157135934,0.288515406,0.012746711,12.19094513,1.894736842,1.465672465,0.289203431
21999,111,dominicks,57600,2019-11-18,1.39,0.210512842,0.096928919,0.995690759,10.13828296,0.157135934,0.288515406,0.012746711,12.19094513,1.894736842,1.465672465,0.289203431
22000,111,dominicks,17279,2019-11-25,1.99,0.210512842,0.096928919,0.995690759,10.13828296,0.157135934,0.288515406,0.012746711,12.19094513,1.894736842,1.465672465,0.289203431
22116,112,tropicana,19840,2019-11-04,2.6,0.08972372,0.329898517,0.069710243,10.88265918,0.096660967,0.440164355,0.56065207,3.101112587,0.535714286,3.017842945,0.311666297
22117,112,tropicana,13695,2019-11-11,2.89,0.08972372,0.329898517,0.069710243,10.88265918,0.096660967,0.440164355,0.56065207,3.101112587,0.535714286,3.017842945,0.311666297
22118,112,tropicana,15999,2019-11-18,2.48,0.08972372,0.329898517,0.069710243,10.88265918,0.096660967,0.440164355,0.56065207,3.101112587,0.535714286,3.017842945,0.311666297
22119,112,tropicana,36991,2019-11-25,2.16,0.08972372,0.329898517,0.069710243,10.88265918,0.096660967,0.440164355,0.56065207,3.101112587,0.535714286,3.017842945,0.311666297
22234,112,minute.maid,17023,2019-11-04,2.08,0.08972372,0.329898517,0.069710243,10.88265918,0.096660967,0.440164355,0.56065207,3.101112587,0.535714286,3.017842945,0.311666297
22235,112,minute.maid,10431,2019-11-11,2.39,0.08972372,0.329898517,0.069710243,10.88265918,0.096660967,0.440164355,0.56065207,3.101112587,0.535714286,3.017842945,0.311666297
22236,112,minute.maid,43135,2019-11-18,1.79,0.08972372,0.329898517,0.069710243,10.88265918,0.096660967,0.440164355,0.56065207,3.101112587,0.535714286,3.017842945,0.311666297
22237,112,minute.maid,5952,2019-11-25,2.39,0.08972372,0.329898517,0.069710243,10.88265918,0.096660967,0.440164355,0.56065207,3.101112587,0.535714286,3.017842945,0.311666297
22352,112,dominicks,10048,2019-11-04,1.45,0.08972372,0.329898517,0.069710243,10.88265918,0.096660967,0.440164355,0.56065207,3.101112587,0.535714286,3.017842945,0.311666297
22353,112,dominicks,47295,2019-11-11,1.29,0.08972372,0.329898517,0.069710243,10.88265918,0.096660967,0.440164355,0.56065207,3.101112587,0.535714286,3.017842945,0.311666297
22354,112,dominicks,10240,2019-11-18,1.33,0.08972372,0.329898517,0.069710243,10.88265918,0.096660967,0.440164355,0.56065207,3.101112587,0.535714286,3.017842945,0.311666297
22355,112,dominicks,11519,2019-11-25,1.69,0.08972372,0.329898517,0.069710243,10.88265918,0.096660967,0.440164355,0.56065207,3.101112587,0.535714286,3.017842945,0.311666297
22471,113,tropicana,17279,2019-11-04,2.5,0.299352545,0.151592429,0.026448309,10.64766049,0.091559829,0.297514876,0.378173027,4.235048902,0.52173913,3.305794933,0.366915963
22472,113,tropicana,8448,2019-11-11,2.99,0.299352545,0.151592429,0.026448309,10.64766049,0.091559829,0.297514876,0.378173027,4.235048902,0.52173913,3.305794933,0.366915963
22473,113,tropicana,12223,2019-11-18,2.99,0.299352545,0.151592429,0.026448309,10.64766049,0.091559829,0.297514876,0.378173027,4.235048902,0.52173913,3.305794933,0.366915963
22474,113,tropicana,38847,2019-11-25,2.24,0.299352545,0.151592429,0.026448309,10.64766049,0.091559829,0.297514876,0.378173027,4.235048902,0.52173913,3.305794933,0.366915963
22590,113,minute.maid,10944,2019-11-04,1.99,0.299352545,0.151592429,0.026448309,10.64766049,0.091559829,0.297514876,0.378173027,4.235048902,0.52173913,3.305794933,0.366915963
22591,113,minute.maid,5632,2019-11-11,2.66,0.299352545,0.151592429,0.026448309,10.64766049,0.091559829,0.297514876,0.378173027,4.235048902,0.52173913,3.305794933,0.366915963
22592,113,minute.maid,35392,2019-11-18,1.99,0.299352545,0.151592429,0.026448309,10.64766049,0.091559829,0.297514876,0.378173027,4.235048902,0.52173913,3.305794933,0.366915963
22593,113,minute.maid,3328,2019-11-25,2.66,0.299352545,0.151592429,0.026448309,10.64766049,0.091559829,0.297514876,0.378173027,4.235048902,0.52173913,3.305794933,0.366915963
22709,113,dominicks,6848,2019-11-04,1.58,0.299352545,0.151592429,0.026448309,10.64766049,0.091559829,0.297514876,0.378173027,4.235048902,0.52173913,3.305794933,0.366915963
22710,113,dominicks,67648,2019-11-11,1.29,0.299352545,0.151592429,0.026448309,10.64766049,0.091559829,0.297514876,0.378173027,4.235048902,0.52173913,3.305794933,0.366915963
22711,113,dominicks,11711,2019-11-18,1.29,0.299352545,0.151592429,0.026448309,10.64766049,0.091559829,0.297514876,0.378173027,4.235048902,0.52173913,3.305794933,0.366915963
22712,113,dominicks,9600,2019-11-25,1.89,0.299352545,0.151592429,0.026448309,10.64766049,0.091559829,0.297514876,0.378173027,4.235048902,0.52173913,3.305794933,0.366915963
22825,114,tropicana,12735,2019-11-04,2.58,0.182173295,0.094424515,0.441169508,10.34794899,0.111967075,0.307476963,0.009842116,4.935835625,1.454545455,3.239227061,0.147758687
22826,114,tropicana,6399,2019-11-11,2.99,0.182173295,0.094424515,0.441169508,10.34794899,0.111967075,0.307476963,0.009842116,4.935835625,1.454545455,3.239227061,0.147758687
22827,114,tropicana,7231,2019-11-18,2.58,0.182173295,0.094424515,0.441169508,10.34794899,0.111967075,0.307476963,0.009842116,4.935835625,1.454545455,3.239227061,0.147758687
22828,114,tropicana,33152,2019-11-25,2.24,0.182173295,0.094424515,0.441169508,10.34794899,0.111967075,0.307476963,0.009842116,4.935835625,1.454545455,3.239227061,0.147758687
22942,114,minute.maid,13439,2019-11-04,2.09,0.182173295,0.094424515,0.441169508,10.34794899,0.111967075,0.307476963,0.009842116,4.935835625,1.454545455,3.239227061,0.147758687
22943,114,minute.maid,4479,2019-11-11,2.66,0.182173295,0.094424515,0.441169508,10.34794899,0.111967075,0.307476963,0.009842116,4.935835625,1.454545455,3.239227061,0.147758687
22944,114,minute.maid,45696,2019-11-18,1.99,0.182173295,0.094424515,0.441169508,10.34794899,0.111967075,0.307476963,0.009842116,4.935835625,1.454545455,3.239227061,0.147758687
22945,114,minute.maid,3775,2019-11-25,2.66,0.182173295,0.094424515,0.441169508,10.34794899,0.111967075,0.307476963,0.009842116,4.935835625,1.454545455,3.239227061,0.147758687
23059,114,dominicks,46400,2019-11-04,1.55,0.182173295,0.094424515,0.441169508,10.34794899,0.111967075,0.307476963,0.009842116,4.935835625,1.454545455,3.239227061,0.147758687
23060,114,dominicks,148288,2019-11-11,1.29,0.182173295,0.094424515,0.441169508,10.34794899,0.111967075,0.307476963,0.009842116,4.935835625,1.454545455,3.239227061,0.147758687
23061,114,dominicks,30527,2019-11-18,1.36,0.182173295,0.094424515,0.441169508,10.34794899,0.111967075,0.307476963,0.009842116,4.935835625,1.454545455,3.239227061,0.147758687
23062,114,dominicks,19199,2019-11-25,1.89,0.182173295,0.094424515,0.441169508,10.34794899,0.111967075,0.307476963,0.009842116,4.935835625,1.454545455,3.239227061,0.147758687
23170,115,tropicana,12223,2019-11-04,2.58,0.060280055,0.406312482,0.043971995,10.94748525,0.151332196,0.405279954,0.64424253,4.837982618,0.952380952,1.717685861,0.350483258
23171,115,tropicana,8384,2019-11-11,2.99,0.060280055,0.406312482,0.043971995,10.94748525,0.151332196,0.405279954,0.64424253,4.837982618,0.952380952,1.717685861,0.350483258
23172,115,tropicana,10815,2019-11-18,2.65,0.060280055,0.406312482,0.043971995,10.94748525,0.151332196,0.405279954,0.64424253,4.837982618,0.952380952,1.717685861,0.350483258
23173,115,tropicana,37439,2019-11-25,2.24,0.060280055,0.406312482,0.043971995,10.94748525,0.151332196,0.405279954,0.64424253,4.837982618,0.952380952,1.717685861,0.350483258
23281,115,minute.maid,10559,2019-11-04,2.07,0.060280055,0.406312482,0.043971995,10.94748525,0.151332196,0.405279954,0.64424253,4.837982618,0.952380952,1.717685861,0.350483258
23282,115,minute.maid,5440,2019-11-11,2.66,0.060280055,0.406312482,0.043971995,10.94748525,0.151332196,0.405279954,0.64424253,4.837982618,0.952380952,1.717685861,0.350483258
23283,115,minute.maid,30975,2019-11-18,1.99,0.060280055,0.406312482,0.043971995,10.94748525,0.151332196,0.405279954,0.64424253,4.837982618,0.952380952,1.717685861,0.350483258
23284,115,minute.maid,4096,2019-11-25,2.66,0.060280055,0.406312482,0.043971995,10.94748525,0.151332196,0.405279954,0.64424253,4.837982618,0.952380952,1.717685861,0.350483258
23392,115,dominicks,6144,2019-11-04,1.47,0.060280055,0.406312482,0.043971995,10.94748525,0.151332196,0.405279954,0.64424253,4.837982618,0.952380952,1.717685861,0.350483258
23393,115,dominicks,46272,2019-11-11,1.29,0.060280055,0.406312482,0.043971995,10.94748525,0.151332196,0.405279954,0.64424253,4.837982618,0.952380952,1.717685861,0.350483258
23394,115,dominicks,8000,2019-11-18,1.45,0.060280055,0.406312482,0.043971995,10.94748525,0.151332196,0.405279954,0.64424253,4.837982618,0.952380952,1.717685861,0.350483258
23395,115,dominicks,5824,2019-11-25,1.89,0.060280055,0.406312482,0.043971995,10.94748525,0.151332196,0.405279954,0.64424253,4.837982618,0.952380952,1.717685861,0.350483258
23510,116,tropicana,9471,2019-11-04,2.5,0.18817339,0.259224748,0.033137058,10.69711335,0.117657192,0.35563513,0.308160505,3.215079635,1.666666667,1.55776418,0.812883335
23511,116,tropicana,3904,2019-11-11,2.99,0.18817339,0.259224748,0.033137058,10.69711335,0.117657192,0.35563513,0.308160505,3.215079635,1.666666667,1.55776418,0.812883335
23512,116,tropicana,6399,2019-11-18,2.99,0.18817339,0.259224748,0.033137058,10.69711335,0.117657192,0.35563513,0.308160505,3.215079635,1.666666667,1.55776418,0.812883335
23513,116,tropicana,19775,2019-11-25,2.24,0.18817339,0.259224748,0.033137058,10.69711335,0.117657192,0.35563513,0.308160505,3.215079635,1.666666667,1.55776418,0.812883335
23627,116,minute.maid,9919,2019-11-04,1.99,0.18817339,0.259224748,0.033137058,10.69711335,0.117657192,0.35563513,0.308160505,3.215079635,1.666666667,1.55776418,0.812883335
23628,116,minute.maid,3328,2019-11-11,2.66,0.18817339,0.259224748,0.033137058,10.69711335,0.117657192,0.35563513,0.308160505,3.215079635,1.666666667,1.55776418,0.812883335
23629,116,minute.maid,22144,2019-11-18,1.99,0.18817339,0.259224748,0.033137058,10.69711335,0.117657192,0.35563513,0.308160505,3.215079635,1.666666667,1.55776418,0.812883335
23630,116,minute.maid,2431,2019-11-25,2.66,0.18817339,0.259224748,0.033137058,10.69711335,0.117657192,0.35563513,0.308160505,3.215079635,1.666666667,1.55776418,0.812883335
23744,116,dominicks,8960,2019-11-04,1.58,0.18817339,0.259224748,0.033137058,10.69711335,0.117657192,0.35563513,0.308160505,3.215079635,1.666666667,1.55776418,0.812883335
23745,116,dominicks,52800,2019-11-11,1.29,0.18817339,0.259224748,0.033137058,10.69711335,0.117657192,0.35563513,0.308160505,3.215079635,1.666666667,1.55776418,0.812883335
23746,116,dominicks,14912,2019-11-18,1.29,0.18817339,0.259224748,0.033137058,10.69711335,0.117657192,0.35563513,0.308160505,3.215079635,1.666666667,1.55776418,0.812883335
23747,116,dominicks,7231,2019-11-25,1.89,0.18817339,0.259224748,0.033137058,10.69711335,0.117657192,0.35563513,0.308160505,3.215079635,1.666666667,1.55776418,0.812883335
23862,117,tropicana,7360,2019-11-04,2.5,0.110102729,0.249083542,0.049851894,10.76096203,0.106357795,0.439136251,0.352834113,3.434272274,1.4,1.849425028,0.498380462
23863,117,tropicana,3263,2019-11-11,2.99,0.110102729,0.249083542,0.049851894,10.76096203,0.106357795,0.439136251,0.352834113,3.434272274,1.4,1.849425028,0.498380462
23864,117,tropicana,5695,2019-11-18,2.99,0.110102729,0.249083542,0.049851894,10.76096203,0.106357795,0.439136251,0.352834113,3.434272274,1.4,1.849425028,0.498380462
23865,117,tropicana,15872,2019-11-25,2.24,0.110102729,0.249083542,0.049851894,10.76096203,0.106357795,0.439136251,0.352834113,3.434272274,1.4,1.849425028,0.498380462
23980,117,minute.maid,6720,2019-11-04,1.99,0.110102729,0.249083542,0.049851894,10.76096203,0.106357795,0.439136251,0.352834113,3.434272274,1.4,1.849425028,0.498380462
23981,117,minute.maid,2688,2019-11-11,2.66,0.110102729,0.249083542,0.049851894,10.76096203,0.106357795,0.439136251,0.352834113,3.434272274,1.4,1.849425028,0.498380462
23982,117,minute.maid,17408,2019-11-18,1.99,0.110102729,0.249083542,0.049851894,10.76096203,0.106357795,0.439136251,0.352834113,3.434272274,1.4,1.849425028,0.498380462
23983,117,minute.maid,1408,2019-11-25,2.66,0.110102729,0.249083542,0.049851894,10.76096203,0.106357795,0.439136251,0.352834113,3.434272274,1.4,1.849425028,0.498380462
24098,117,dominicks,6399,2019-11-04,1.58,0.110102729,0.249083542,0.049851894,10.76096203,0.106357795,0.439136251,0.352834113,3.434272274,1.4,1.849425028,0.498380462
24099,117,dominicks,40512,2019-11-11,1.29,0.110102729,0.249083542,0.049851894,10.76096203,0.106357795,0.439136251,0.352834113,3.434272274,1.4,1.849425028,0.498380462
24100,117,dominicks,10368,2019-11-18,1.29,0.110102729,0.249083542,0.049851894,10.76096203,0.106357795,0.439136251,0.352834113,3.434272274,1.4,1.849425028,0.498380462
24101,117,dominicks,7039,2019-11-25,1.89,0.110102729,0.249083542,0.049851894,10.76096203,0.106357795,0.439136251,0.352834113,3.434272274,1.4,1.849425028,0.498380462
24217,118,tropicana,18432,2019-11-04,2.5,0.289442379,0.224725883,0.040669145,10.63236378,0.090132827,0.354977468,0.475752773,1.945508831,0.923076923,2.046488588,0.513721734
24218,118,tropicana,6208,2019-11-11,3.19,0.289442379,0.224725883,0.040669145,10.63236378,0.090132827,0.354977468,0.475752773,1.945508831,0.923076923,2.046488588,0.513721734
24219,118,tropicana,8767,2019-11-18,3.19,0.289442379,0.224725883,0.040669145,10.63236378,0.090132827,0.354977468,0.475752773,1.945508831,0.923076923,2.046488588,0.513721734
24220,118,tropicana,23871,2019-11-25,2.39,0.289442379,0.224725883,0.040669145,10.63236378,0.090132827,0.354977468,0.475752773,1.945508831,0.923076923,2.046488588,0.513721734
24336,118,minute.maid,11328,2019-11-04,1.99,0.289442379,0.224725883,0.040669145,10.63236378,0.090132827,0.354977468,0.475752773,1.945508831,0.923076923,2.046488588,0.513721734
24337,118,minute.maid,3647,2019-11-11,2.79,0.289442379,0.224725883,0.040669145,10.63236378,0.090132827,0.354977468,0.475752773,1.945508831,0.923076923,2.046488588,0.513721734
24338,118,minute.maid,29952,2019-11-18,2.09,0.289442379,0.224725883,0.040669145,10.63236378,0.090132827,0.354977468,0.475752773,1.945508831,0.923076923,2.046488588,0.513721734
24339,118,minute.maid,4096,2019-11-25,2.79,0.289442379,0.224725883,0.040669145,10.63236378,0.090132827,0.354977468,0.475752773,1.945508831,0.923076923,2.046488588,0.513721734
24455,118,dominicks,11136,2019-11-04,1.58,0.289442379,0.224725883,0.040669145,10.63236378,0.090132827,0.354977468,0.475752773,1.945508831,0.923076923,2.046488588,0.513721734
24456,118,dominicks,46975,2019-11-11,1.29,0.289442379,0.224725883,0.040669145,10.63236378,0.090132827,0.354977468,0.475752773,1.945508831,0.923076923,2.046488588,0.513721734
24457,118,dominicks,12095,2019-11-18,1.29,0.289442379,0.224725883,0.040669145,10.63236378,0.090132827,0.354977468,0.475752773,1.945508831,0.923076923,2.046488588,0.513721734
24458,118,dominicks,5504,2019-11-25,1.99,0.289442379,0.224725883,0.040669145,10.63236378,0.090132827,0.354977468,0.475752773,1.945508831,0.923076923,2.046488588,0.513721734
24574,119,tropicana,11328,2019-11-04,2.5,0.121574965,0.279952033,0.049584956,10.75271926,0.089350352,0.462266179,0.459405941,2.213790697,1.153846154,2.71959438,0.722367357
24575,119,tropicana,5504,2019-11-11,2.99,0.121574965,0.279952033,0.049584956,10.75271926,0.089350352,0.462266179,0.459405941,2.213790697,1.153846154,2.71959438,0.722367357
24576,119,tropicana,9919,2019-11-18,2.99,0.121574965,0.279952033,0.049584956,10.75271926,0.089350352,0.462266179,0.459405941,2.213790697,1.153846154,2.71959438,0.722367357
24577,119,tropicana,26048,2019-11-25,2.24,0.121574965,0.279952033,0.049584956,10.75271926,0.089350352,0.462266179,0.459405941,2.213790697,1.153846154,2.71959438,0.722367357
24693,119,minute.maid,8640,2019-11-04,1.99,0.121574965,0.279952033,0.049584956,10.75271926,0.089350352,0.462266179,0.459405941,2.213790697,1.153846154,2.71959438,0.722367357
24694,119,minute.maid,3392,2019-11-11,2.66,0.121574965,0.279952033,0.049584956,10.75271926,0.089350352,0.462266179,0.459405941,2.213790697,1.153846154,2.71959438,0.722367357
24695,119,minute.maid,13760,2019-11-18,1.99,0.121574965,0.279952033,0.049584956,10.75271926,0.089350352,0.462266179,0.459405941,2.213790697,1.153846154,2.71959438,0.722367357
24696,119,minute.maid,3071,2019-11-25,2.66,0.121574965,0.279952033,0.049584956,10.75271926,0.089350352,0.462266179,0.459405941,2.213790697,1.153846154,2.71959438,0.722367357
24812,119,dominicks,6080,2019-11-04,1.58,0.121574965,0.279952033,0.049584956,10.75271926,0.089350352,0.462266179,0.459405941,2.213790697,1.153846154,2.71959438,0.722367357
24813,119,dominicks,40768,2019-11-11,1.29,0.121574965,0.279952033,0.049584956,10.75271926,0.089350352,0.462266179,0.459405941,2.213790697,1.153846154,2.71959438,0.722367357
24814,119,dominicks,15936,2019-11-18,1.29,0.121574965,0.279952033,0.049584956,10.75271926,0.089350352,0.462266179,0.459405941,2.213790697,1.153846154,2.71959438,0.722367357
24815,119,dominicks,4543,2019-11-25,1.89,0.121574965,0.279952033,0.049584956,10.75271926,0.089350352,0.462266179,0.459405941,2.213790697,1.153846154,2.71959438,0.722367357
24929,121,tropicana,22079,2019-11-04,2.61,0.16358133,0.35061287,0.039173539,10.94992897,0.091693756,0.382304265,0.61086249,3.751225161,1.090909091,2.069345766,0.559533568
24930,121,tropicana,11199,2019-11-11,2.99,0.16358133,0.35061287,0.039173539,10.94992897,0.091693756,0.382304265,0.61086249,3.751225161,1.090909091,2.069345766,0.559533568
24931,121,tropicana,12991,2019-11-18,2.59,0.16358133,0.35061287,0.039173539,10.94992897,0.091693756,0.382304265,0.61086249,3.751225161,1.090909091,2.069345766,0.559533568
24932,121,tropicana,38208,2019-11-25,2.24,0.16358133,0.35061287,0.039173539,10.94992897,0.091693756,0.382304265,0.61086249,3.751225161,1.090909091,2.069345766,0.559533568
25047,121,minute.maid,11584,2019-11-04,2.14,0.16358133,0.35061287,0.039173539,10.94992897,0.091693756,0.382304265,0.61086249,3.751225161,1.090909091,2.069345766,0.559533568
25048,121,minute.maid,7616,2019-11-11,2.66,0.16358133,0.35061287,0.039173539,10.94992897,0.091693756,0.382304265,0.61086249,3.751225161,1.090909091,2.069345766,0.559533568
25049,121,minute.maid,35136,2019-11-18,1.99,0.16358133,0.35061287,0.039173539,10.94992897,0.091693756,0.382304265,0.61086249,3.751225161,1.090909091,2.069345766,0.559533568
25050,121,minute.maid,4991,2019-11-25,2.66,0.16358133,0.35061287,0.039173539,10.94992897,0.091693756,0.382304265,0.61086249,3.751225161,1.090909091,2.069345766,0.559533568
25165,121,dominicks,3775,2019-11-04,1.56,0.16358133,0.35061287,0.039173539,10.94992897,0.091693756,0.382304265,0.61086249,3.751225161,1.090909091,2.069345766,0.559533568
25166,121,dominicks,65407,2019-11-11,1.29,0.16358133,0.35061287,0.039173539,10.94992897,0.091693756,0.382304265,0.61086249,3.751225161,1.090909091,2.069345766,0.559533568
25167,121,dominicks,3647,2019-11-18,1.36,0.16358133,0.35061287,0.039173539,10.94992897,0.091693756,0.382304265,0.61086249,3.751225161,1.090909091,2.069345766,0.559533568
25168,121,dominicks,5952,2019-11-25,1.89,0.16358133,0.35061287,0.039173539,10.94992897,0.091693756,0.382304265,0.61086249,3.751225161,1.090909091,2.069345766,0.559533568
25286,122,tropicana,10368,2019-11-04,2.51,0.061953911,0.255889066,0.078372885,10.77505285,0.125831821,0.425860127,0.280446271,2.597516352,0.6,2.752490308,0.238737607
25287,122,tropicana,9856,2019-11-11,2.59,0.061953911,0.255889066,0.078372885,10.77505285,0.125831821,0.425860127,0.280446271,2.597516352,0.6,2.752490308,0.238737607
25288,122,tropicana,10624,2019-11-18,2.24,0.061953911,0.255889066,0.078372885,10.77505285,0.125831821,0.425860127,0.280446271,2.597516352,0.6,2.752490308,0.238737607
25289,122,tropicana,33984,2019-11-25,1.94,0.061953911,0.255889066,0.078372885,10.77505285,0.125831821,0.425860127,0.280446271,2.597516352,0.6,2.752490308,0.238737607
25407,122,minute.maid,11711,2019-11-04,2.05,0.061953911,0.255889066,0.078372885,10.77505285,0.125831821,0.425860127,0.280446271,2.597516352,0.6,2.752490308,0.238737607
25408,122,minute.maid,9984,2019-11-11,2.25,0.061953911,0.255889066,0.078372885,10.77505285,0.125831821,0.425860127,0.280446271,2.597516352,0.6,2.752490308,0.238737607
25409,122,minute.maid,40127,2019-11-18,1.68,0.061953911,0.255889066,0.078372885,10.77505285,0.125831821,0.425860127,0.280446271,2.597516352,0.6,2.752490308,0.238737607
25410,122,minute.maid,6271,2019-11-25,2.25,0.061953911,0.255889066,0.078372885,10.77505285,0.125831821,0.425860127,0.280446271,2.597516352,0.6,2.752490308,0.238737607
25528,122,dominicks,19456,2019-11-04,1.42,0.061953911,0.255889066,0.078372885,10.77505285,0.125831821,0.425860127,0.280446271,2.597516352,0.6,2.752490308,0.238737607
25529,122,dominicks,78912,2019-11-11,1.29,0.061953911,0.255889066,0.078372885,10.77505285,0.125831821,0.425860127,0.280446271,2.597516352,0.6,2.752490308,0.238737607
25530,122,dominicks,16191,2019-11-18,1.35,0.061953911,0.255889066,0.078372885,10.77505285,0.125831821,0.425860127,0.280446271,2.597516352,0.6,2.752490308,0.238737607
25531,122,dominicks,15424,2019-11-25,1.59,0.061953911,0.255889066,0.078372885,10.77505285,0.125831821,0.425860127,0.280446271,2.597516352,0.6,2.752490308,0.238737607
25648,123,tropicana,10431,2019-11-04,2.61,0.176040942,0.153191489,0.204809699,10.33410045,0.145040289,0.3115727,0.228675136,7.449993976,1.111111111,1.60714281,0.166802611
25649,123,tropicana,6592,2019-11-11,3.19,0.176040942,0.153191489,0.204809699,10.33410045,0.145040289,0.3115727,0.228675136,7.449993976,1.111111111,1.60714281,0.166802611
25650,123,tropicana,8640,2019-11-18,2.73,0.176040942,0.153191489,0.204809699,10.33410045,0.145040289,0.3115727,0.228675136,7.449993976,1.111111111,1.60714281,0.166802611
25651,123,tropicana,23295,2019-11-25,2.39,0.176040942,0.153191489,0.204809699,10.33410045,0.145040289,0.3115727,0.228675136,7.449993976,1.111111111,1.60714281,0.166802611
25768,123,minute.maid,14591,2019-11-04,1.94,0.176040942,0.153191489,0.204809699,10.33410045,0.145040289,0.3115727,0.228675136,7.449993976,1.111111111,1.60714281,0.166802611
25769,123,minute.maid,7360,2019-11-11,2.79,0.176040942,0.153191489,0.204809699,10.33410045,0.145040289,0.3115727,0.228675136,7.449993976,1.111111111,1.60714281,0.166802611
25770,123,minute.maid,49856,2019-11-18,2.09,0.176040942,0.153191489,0.204809699,10.33410045,0.145040289,0.3115727,0.228675136,7.449993976,1.111111111,1.60714281,0.166802611
25771,123,minute.maid,4223,2019-11-25,2.79,0.176040942,0.153191489,0.204809699,10.33410045,0.145040289,0.3115727,0.228675136,7.449993976,1.111111111,1.60714281,0.166802611
25888,123,dominicks,12160,2019-11-04,1.54,0.176040942,0.153191489,0.204809699,10.33410045,0.145040289,0.3115727,0.228675136,7.449993976,1.111111111,1.60714281,0.166802611
25889,123,dominicks,133567,2019-11-11,1.29,0.176040942,0.153191489,0.204809699,10.33410045,0.145040289,0.3115727,0.228675136,7.449993976,1.111111111,1.60714281,0.166802611
25890,123,dominicks,16320,2019-11-18,1.41,0.176040942,0.153191489,0.204809699,10.33410045,0.145040289,0.3115727,0.228675136,7.449993976,1.111111111,1.60714281,0.166802611
25891,123,dominicks,12287,2019-11-25,1.99,0.176040942,0.153191489,0.204809699,10.33410045,0.145040289,0.3115727,0.228675136,7.449993976,1.111111111,1.60714281,0.166802611
26009,124,tropicana,13760,2019-11-04,2.6,0.119625811,0.261875835,0.572355861,10.25895677,0.12494986,0.348518562,0.416315588,6.328746874,0.727272727,1.793795763,0.202168946
26010,124,tropicana,5504,2019-11-11,3.19,0.119625811,0.261875835,0.572355861,10.25895677,0.12494986,0.348518562,0.416315588,6.328746874,0.727272727,1.793795763,0.202168946
26011,124,tropicana,5375,2019-11-18,2.79,0.119625811,0.261875835,0.572355861,10.25895677,0.12494986,0.348518562,0.416315588,6.328746874,0.727272727,1.793795763,0.202168946
26012,124,tropicana,22400,2019-11-25,2.39,0.119625811,0.261875835,0.572355861,10.25895677,0.12494986,0.348518562,0.416315588,6.328746874,0.727272727,1.793795763,0.202168946
26130,124,minute.maid,13439,2019-11-04,2.1,0.119625811,0.261875835,0.572355861,10.25895677,0.12494986,0.348518562,0.416315588,6.328746874,0.727272727,1.793795763,0.202168946
26131,124,minute.maid,4672,2019-11-11,2.79,0.119625811,0.261875835,0.572355861,10.25895677,0.12494986,0.348518562,0.416315588,6.328746874,0.727272727,1.793795763,0.202168946
26132,124,minute.maid,23424,2019-11-18,2.09,0.119625811,0.261875835,0.572355861,10.25895677,0.12494986,0.348518562,0.416315588,6.328746874,0.727272727,1.793795763,0.202168946
26133,124,minute.maid,4032,2019-11-25,2.79,0.119625811,0.261875835,0.572355861,10.25895677,0.12494986,0.348518562,0.416315588,6.328746874,0.727272727,1.793795763,0.202168946
26251,124,dominicks,7424,2019-11-04,1.41,0.119625811,0.261875835,0.572355861,10.25895677,0.12494986,0.348518562,0.416315588,6.328746874,0.727272727,1.793795763,0.202168946
26252,124,dominicks,118336,2019-11-11,1.29,0.119625811,0.261875835,0.572355861,10.25895677,0.12494986,0.348518562,0.416315588,6.328746874,0.727272727,1.793795763,0.202168946
26253,124,dominicks,47295,2019-11-18,1.39,0.119625811,0.261875835,0.572355861,10.25895677,0.12494986,0.348518562,0.416315588,6.328746874,0.727272727,1.793795763,0.202168946
26254,124,dominicks,22207,2019-11-25,1.98,0.119625811,0.261875835,0.572355861,10.25895677,0.12494986,0.348518562,0.416315588,6.328746874,0.727272727,1.793795763,0.202168946
26370,126,tropicana,24320,2019-11-04,2.54,0.107002273,0.413222417,0.045018573,10.9808762,0.113699475,0.421959283,0.573626374,5.065200839,1.69047619,1.858260236,0.717799295
26371,126,tropicana,9024,2019-11-11,2.99,0.107002273,0.413222417,0.045018573,10.9808762,0.113699475,0.421959283,0.573626374,5.065200839,1.69047619,1.858260236,0.717799295
26372,126,tropicana,8320,2019-11-18,2.59,0.107002273,0.413222417,0.045018573,10.9808762,0.113699475,0.421959283,0.573626374,5.065200839,1.69047619,1.858260236,0.717799295
26373,126,tropicana,36671,2019-11-25,2.24,0.107002273,0.413222417,0.045018573,10.9808762,0.113699475,0.421959283,0.573626374,5.065200839,1.69047619,1.858260236,0.717799295
26489,126,minute.maid,16128,2019-11-04,2.1,0.107002273,0.413222417,0.045018573,10.9808762,0.113699475,0.421959283,0.573626374,5.065200839,1.69047619,1.858260236,0.717799295
26490,126,minute.maid,9280,2019-11-11,2.66,0.107002273,0.413222417,0.045018573,10.9808762,0.113699475,0.421959283,0.573626374,5.065200839,1.69047619,1.858260236,0.717799295
26491,126,minute.maid,36608,2019-11-18,1.99,0.107002273,0.413222417,0.045018573,10.9808762,0.113699475,0.421959283,0.573626374,5.065200839,1.69047619,1.858260236,0.717799295
26492,126,minute.maid,5760,2019-11-25,2.66,0.107002273,0.413222417,0.045018573,10.9808762,0.113699475,0.421959283,0.573626374,5.065200839,1.69047619,1.858260236,0.717799295
26608,126,dominicks,6912,2019-11-04,1.47,0.107002273,0.413222417,0.045018573,10.9808762,0.113699475,0.421959283,0.573626374,5.065200839,1.69047619,1.858260236,0.717799295
26609,126,dominicks,85631,2019-11-11,1.29,0.107002273,0.413222417,0.045018573,10.9808762,0.113699475,0.421959283,0.573626374,5.065200839,1.69047619,1.858260236,0.717799295
26610,126,dominicks,12095,2019-11-18,1.38,0.107002273,0.413222417,0.045018573,10.9808762,0.113699475,0.421959283,0.573626374,5.065200839,1.69047619,1.858260236,0.717799295
26611,126,dominicks,5952,2019-11-25,1.89,0.107002273,0.413222417,0.045018573,10.9808762,0.113699475,0.421959283,0.573626374,5.065200839,1.69047619,1.858260236,0.717799295
26727,128,tropicana,24768,2019-11-04,2.59,0.157485189,0.211896894,0.355911221,10.15342882,0.100043497,0.398251192,0.26618705,10.6674474,2.0,1.409463486,0.259004207
26728,128,tropicana,10111,2019-11-11,3.19,0.157485189,0.211896894,0.355911221,10.15342882,0.100043497,0.398251192,0.26618705,10.6674474,2.0,1.409463486,0.259004207
26729,128,tropicana,15936,2019-11-18,2.86,0.157485189,0.211896894,0.355911221,10.15342882,0.100043497,0.398251192,0.26618705,10.6674474,2.0,1.409463486,0.259004207
26730,128,tropicana,62208,2019-11-25,2.39,0.157485189,0.211896894,0.355911221,10.15342882,0.100043497,0.398251192,0.26618705,10.6674474,2.0,1.409463486,0.259004207
26846,128,minute.maid,13375,2019-11-04,2.16,0.157485189,0.211896894,0.355911221,10.15342882,0.100043497,0.398251192,0.26618705,10.6674474,2.0,1.409463486,0.259004207
26847,128,minute.maid,8512,2019-11-11,2.79,0.157485189,0.211896894,0.355911221,10.15342882,0.100043497,0.398251192,0.26618705,10.6674474,2.0,1.409463486,0.259004207
26848,128,minute.maid,54911,2019-11-18,2.09,0.157485189,0.211896894,0.355911221,10.15342882,0.100043497,0.398251192,0.26618705,10.6674474,2.0,1.409463486,0.259004207
26849,128,minute.maid,4416,2019-11-25,2.79,0.157485189,0.211896894,0.355911221,10.15342882,0.100043497,0.398251192,0.26618705,10.6674474,2.0,1.409463486,0.259004207
26965,128,dominicks,10688,2019-11-04,1.5,0.157485189,0.211896894,0.355911221,10.15342882,0.100043497,0.398251192,0.26618705,10.6674474,2.0,1.409463486,0.259004207
26966,128,dominicks,109887,2019-11-11,1.29,0.157485189,0.211896894,0.355911221,10.15342882,0.100043497,0.398251192,0.26618705,10.6674474,2.0,1.409463486,0.259004207
26967,128,dominicks,16896,2019-11-18,1.47,0.157485189,0.211896894,0.355911221,10.15342882,0.100043497,0.398251192,0.26618705,10.6674474,2.0,1.409463486,0.259004207
26968,128,dominicks,14528,2019-11-25,1.99,0.157485189,0.211896894,0.355911221,10.15342882,0.100043497,0.398251192,0.26618705,10.6674474,2.0,1.409463486,0.259004207
27081,129,tropicana,13631,2019-11-04,2.6,0.103412869,0.307842548,0.034128692,10.99986401,0.122080527,0.367876448,0.691439828,7.082314817,1.041666667,2.65687913,0.342210744
27082,129,tropicana,8640,2019-11-11,2.99,0.103412869,0.307842548,0.034128692,10.99986401,0.122080527,0.367876448,0.691439828,7.082314817,1.041666667,2.65687913,0.342210744
27083,129,tropicana,10176,2019-11-18,2.59,0.103412869,0.307842548,0.034128692,10.99986401,0.122080527,0.367876448,0.691439828,7.082314817,1.041666667,2.65687913,0.342210744
27084,129,tropicana,36416,2019-11-25,2.24,0.103412869,0.307842548,0.034128692,10.99986401,0.122080527,0.367876448,0.691439828,7.082314817,1.041666667,2.65687913,0.342210744
27197,129,minute.maid,10879,2019-11-04,2.13,0.103412869,0.307842548,0.034128692,10.99986401,0.122080527,0.367876448,0.691439828,7.082314817,1.041666667,2.65687913,0.342210744
27198,129,minute.maid,6463,2019-11-11,2.66,0.103412869,0.307842548,0.034128692,10.99986401,0.122080527,0.367876448,0.691439828,7.082314817,1.041666667,2.65687913,0.342210744
27199,129,minute.maid,24384,2019-11-18,1.99,0.103412869,0.307842548,0.034128692,10.99986401,0.122080527,0.367876448,0.691439828,7.082314817,1.041666667,2.65687913,0.342210744
27200,129,minute.maid,3392,2019-11-25,2.66,0.103412869,0.307842548,0.034128692,10.99986401,0.122080527,0.367876448,0.691439828,7.082314817,1.041666667,2.65687913,0.342210744
27313,129,dominicks,7104,2019-11-04,1.53,0.103412869,0.307842548,0.034128692,10.99986401,0.122080527,0.367876448,0.691439828,7.082314817,1.041666667,2.65687913,0.342210744
27314,129,dominicks,44928,2019-11-11,1.29,0.103412869,0.307842548,0.034128692,10.99986401,0.122080527,0.367876448,0.691439828,7.082314817,1.041666667,2.65687913,0.342210744
27315,129,dominicks,9535,2019-11-18,1.36,0.103412869,0.307842548,0.034128692,10.99986401,0.122080527,0.367876448,0.691439828,7.082314817,1.041666667,2.65687913,0.342210744
27316,129,dominicks,5504,2019-11-25,1.89,0.103412869,0.307842548,0.034128692,10.99986401,0.122080527,0.367876448,0.691439828,7.082314817,1.041666667,2.65687913,0.342210744
27427,130,tropicana,3775,2019-11-04,2.75,0.145117314,0.143406846,0.984896319,9.966650127,0.111081513,0.337029744,0.080565371,17.85595081,1.636363636,0.951815576,0.094561751
27428,130,tropicana,3200,2019-11-11,3.12,0.145117314,0.143406846,0.984896319,9.966650127,0.111081513,0.337029744,0.080565371,17.85595081,1.636363636,0.951815576,0.094561751
27429,130,tropicana,8000,2019-11-18,2.62,0.145117314,0.143406846,0.984896319,9.966650127,0.111081513,0.337029744,0.080565371,17.85595081,1.636363636,0.951815576,0.094561751
27430,130,tropicana,33216,2019-11-25,2.39,0.145117314,0.143406846,0.984896319,9.966650127,0.111081513,0.337029744,0.080565371,17.85595081,1.636363636,0.951815576,0.094561751
27541,130,minute.maid,21568,2019-11-04,2.19,0.145117314,0.143406846,0.984896319,9.966650127,0.111081513,0.337029744,0.080565371,17.85595081,1.636363636,0.951815576,0.094561751
27542,130,minute.maid,5311,2019-11-11,2.79,0.145117314,0.143406846,0.984896319,9.966650127,0.111081513,0.337029744,0.080565371,17.85595081,1.636363636,0.951815576,0.094561751
27543,130,minute.maid,16896,2019-11-18,2.09,0.145117314,0.143406846,0.984896319,9.966650127,0.111081513,0.337029744,0.080565371,17.85595081,1.636363636,0.951815576,0.094561751
27544,130,minute.maid,4543,2019-11-25,2.79,0.145117314,0.143406846,0.984896319,9.966650127,0.111081513,0.337029744,0.080565371,17.85595081,1.636363636,0.951815576,0.094561751
27655,130,dominicks,18559,2019-11-04,1.41,0.145117314,0.143406846,0.984896319,9.966650127,0.111081513,0.337029744,0.080565371,17.85595081,1.636363636,0.951815576,0.094561751
27656,130,dominicks,145920,2019-11-11,1.29,0.145117314,0.143406846,0.984896319,9.966650127,0.111081513,0.337029744,0.080565371,17.85595081,1.636363636,0.951815576,0.094561751
27657,130,dominicks,69119,2019-11-18,1.45,0.145117314,0.143406846,0.984896319,9.966650127,0.111081513,0.337029744,0.080565371,17.85595081,1.636363636,0.951815576,0.094561751
27658,130,dominicks,37312,2019-11-25,1.99,0.145117314,0.143406846,0.984896319,9.966650127,0.111081513,0.337029744,0.080565371,17.85595081,1.636363636,0.951815576,0.094561751
27771,131,tropicana,9407,2019-11-04,2.63,0.17065481,0.2713958,0.074656427,10.79353697,0.090100341,0.414841412,0.455995496,3.159728192,0.625,1.49003586,0.383226786
27772,131,tropicana,7487,2019-11-11,2.99,0.17065481,0.2713958,0.074656427,10.79353697,0.090100341,0.414841412,0.455995496,3.159728192,0.625,1.49003586,0.383226786
27773,131,tropicana,10495,2019-11-18,2.66,0.17065481,0.2713958,0.074656427,10.79353697,0.090100341,0.414841412,0.455995496,3.159728192,0.625,1.49003586,0.383226786
27774,131,tropicana,32959,2019-11-25,2.24,0.17065481,0.2713958,0.074656427,10.79353697,0.090100341,0.414841412,0.455995496,3.159728192,0.625,1.49003586,0.383226786
27887,131,minute.maid,14207,2019-11-04,2.14,0.17065481,0.2713958,0.074656427,10.79353697,0.090100341,0.414841412,0.455995496,3.159728192,0.625,1.49003586,0.383226786
27888,131,minute.maid,6399,2019-11-11,2.66,0.17065481,0.2713958,0.074656427,10.79353697,0.090100341,0.414841412,0.455995496,3.159728192,0.625,1.49003586,0.383226786
27889,131,minute.maid,29952,2019-11-18,1.99,0.17065481,0.2713958,0.074656427,10.79353697,0.090100341,0.414841412,0.455995496,3.159728192,0.625,1.49003586,0.383226786
27890,131,minute.maid,3840,2019-11-25,2.66,0.17065481,0.2713958,0.074656427,10.79353697,0.090100341,0.414841412,0.455995496,3.159728192,0.625,1.49003586,0.383226786
28003,131,dominicks,7424,2019-11-04,1.45,0.17065481,0.2713958,0.074656427,10.79353697,0.090100341,0.414841412,0.455995496,3.159728192,0.625,1.49003586,0.383226786
28004,131,dominicks,55936,2019-11-11,1.29,0.17065481,0.2713958,0.074656427,10.79353697,0.090100341,0.414841412,0.455995496,3.159728192,0.625,1.49003586,0.383226786
28005,131,dominicks,17536,2019-11-18,1.37,0.17065481,0.2713958,0.074656427,10.79353697,0.090100341,0.414841412,0.455995496,3.159728192,0.625,1.49003586,0.383226786
28006,131,dominicks,4352,2019-11-25,1.89,0.17065481,0.2713958,0.074656427,10.79353697,0.090100341,0.414841412,0.455995496,3.159728192,0.625,1.49003586,0.383226786
28124,132,tropicana,13504,2019-11-04,2.58,0.139617348,0.264528441,0.273974204,10.61915425,0.129984231,0.352754754,0.148870968,2.312046161,1.5625,2.795615017,0.478339596
28125,132,tropicana,8448,2019-11-11,2.89,0.139617348,0.264528441,0.273974204,10.61915425,0.129984231,0.352754754,0.148870968,2.312046161,1.5625,2.795615017,0.478339596
28126,132,tropicana,8575,2019-11-18,2.58,0.139617348,0.264528441,0.273974204,10.61915425,0.129984231,0.352754754,0.148870968,2.312046161,1.5625,2.795615017,0.478339596
28127,132,tropicana,37888,2019-11-25,2.16,0.139617348,0.264528441,0.273974204,10.61915425,0.129984231,0.352754754,0.148870968,2.312046161,1.5625,2.795615017,0.478339596
28245,132,minute.maid,14464,2019-11-04,2.09,0.139617348,0.264528441,0.273974204,10.61915425,0.129984231,0.352754754,0.148870968,2.312046161,1.5625,2.795615017,0.478339596
28246,132,minute.maid,8063,2019-11-11,2.39,0.139617348,0.264528441,0.273974204,10.61915425,0.129984231,0.352754754,0.148870968,2.312046161,1.5625,2.795615017,0.478339596
28247,132,minute.maid,45568,2019-11-18,1.79,0.139617348,0.264528441,0.273974204,10.61915425,0.129984231,0.352754754,0.148870968,2.312046161,1.5625,2.795615017,0.478339596
28248,132,minute.maid,5504,2019-11-25,2.39,0.139617348,0.264528441,0.273974204,10.61915425,0.129984231,0.352754754,0.148870968,2.312046161,1.5625,2.795615017,0.478339596
28366,132,dominicks,17216,2019-11-04,1.42,0.139617348,0.264528441,0.273974204,10.61915425,0.129984231,0.352754754,0.148870968,2.312046161,1.5625,2.795615017,0.478339596
28367,132,dominicks,130816,2019-11-11,1.29,0.139617348,0.264528441,0.273974204,10.61915425,0.129984231,0.352754754,0.148870968,2.312046161,1.5625,2.795615017,0.478339596
28368,132,dominicks,37376,2019-11-18,1.33,0.139617348,0.264528441,0.273974204,10.61915425,0.129984231,0.352754754,0.148870968,2.312046161,1.5625,2.795615017,0.478339596
28369,132,dominicks,19199,2019-11-25,1.69,0.139617348,0.264528441,0.273974204,10.61915425,0.129984231,0.352754754,0.148870968,2.312046161,1.5625,2.795615017,0.478339596
28453,134,tropicana,10111,2019-11-04,2.56,0.090152653,0.247949139,0.105855856,10.7225182,0.154877575,0.388116308,0.346153846,6.678129633,1.972222222,3.224540507,0.657090005
28454,134,tropicana,4543,2019-11-11,2.99,0.090152653,0.247949139,0.105855856,10.7225182,0.154877575,0.388116308,0.346153846,6.678129633,1.972222222,3.224540507,0.657090005
28455,134,tropicana,4864,2019-11-18,2.53,0.090152653,0.247949139,0.105855856,10.7225182,0.154877575,0.388116308,0.346153846,6.678129633,1.972222222,3.224540507,0.657090005
28456,134,tropicana,13760,2019-11-25,2.24,0.090152653,0.247949139,0.105855856,10.7225182,0.154877575,0.388116308,0.346153846,6.678129633,1.972222222,3.224540507,0.657090005
28540,134,minute.maid,5567,2019-11-04,2.11,0.090152653,0.247949139,0.105855856,10.7225182,0.154877575,0.388116308,0.346153846,6.678129633,1.972222222,3.224540507,0.657090005
28541,134,minute.maid,2751,2019-11-11,2.66,0.090152653,0.247949139,0.105855856,10.7225182,0.154877575,0.388116308,0.346153846,6.678129633,1.972222222,3.224540507,0.657090005
28542,134,minute.maid,15936,2019-11-18,1.99,0.090152653,0.247949139,0.105855856,10.7225182,0.154877575,0.388116308,0.346153846,6.678129633,1.972222222,3.224540507,0.657090005
28543,134,minute.maid,2496,2019-11-25,2.66,0.090152653,0.247949139,0.105855856,10.7225182,0.154877575,0.388116308,0.346153846,6.678129633,1.972222222,3.224540507,0.657090005
28627,134,dominicks,8767,2019-11-04,1.42,0.090152653,0.247949139,0.105855856,10.7225182,0.154877575,0.388116308,0.346153846,6.678129633,1.972222222,3.224540507,0.657090005
28628,134,dominicks,46336,2019-11-11,1.29,0.090152653,0.247949139,0.105855856,10.7225182,0.154877575,0.388116308,0.346153846,6.678129633,1.972222222,3.224540507,0.657090005
28629,134,dominicks,8896,2019-11-18,1.39,0.090152653,0.247949139,0.105855856,10.7225182,0.154877575,0.388116308,0.346153846,6.678129633,1.972222222,3.224540507,0.657090005
28630,134,dominicks,6784,2019-11-25,1.89,0.090152653,0.247949139,0.105855856,10.7225182,0.154877575,0.388116308,0.346153846,6.678129633,1.972222222,3.224540507,0.657090005
28725,137,tropicana,69056,2019-11-04,2.59,0.20960245,0.528362014,0.11324985,10.96648993,0.092996052,0.330292847,0.86073903,6.02648362,0.705882353,0.772529732,0.333761209
28726,137,tropicana,23680,2019-11-11,3.19,0.20960245,0.528362014,0.11324985,10.96648993,0.092996052,0.330292847,0.86073903,6.02648362,0.705882353,0.772529732,0.333761209
28727,137,tropicana,25727,2019-11-18,2.74,0.20960245,0.528362014,0.11324985,10.96648993,0.092996052,0.330292847,0.86073903,6.02648362,0.705882353,0.772529732,0.333761209
28728,137,tropicana,80383,2019-11-25,2.39,0.20960245,0.528362014,0.11324985,10.96648993,0.092996052,0.330292847,0.86073903,6.02648362,0.705882353,0.772529732,0.333761209
28823,137,minute.maid,19904,2019-11-04,2.14,0.20960245,0.528362014,0.11324985,10.96648993,0.092996052,0.330292847,0.86073903,6.02648362,0.705882353,0.772529732,0.333761209
28824,137,minute.maid,9727,2019-11-11,2.79,0.20960245,0.528362014,0.11324985,10.96648993,0.092996052,0.330292847,0.86073903,6.02648362,0.705882353,0.772529732,0.333761209
28825,137,minute.maid,49792,2019-11-18,2.09,0.20960245,0.528362014,0.11324985,10.96648993,0.092996052,0.330292847,0.86073903,6.02648362,0.705882353,0.772529732,0.333761209
28826,137,minute.maid,8448,2019-11-25,2.79,0.20960245,0.528362014,0.11324985,10.96648993,0.092996052,0.330292847,0.86073903,6.02648362,0.705882353,0.772529732,0.333761209
28921,137,dominicks,8832,2019-11-04,1.47,0.20960245,0.528362014,0.11324985,10.96648993,0.092996052,0.330292847,0.86073903,6.02648362,0.705882353,0.772529732,0.333761209
28922,137,dominicks,88448,2019-11-11,1.29,0.20960245,0.528362014,0.11324985,10.96648993,0.092996052,0.330292847,0.86073903,6.02648362,0.705882353,0.772529732,0.333761209
28923,137,dominicks,40384,2019-11-18,1.35,0.20960245,0.528362014,0.11324985,10.96648993,0.092996052,0.330292847,0.86073903,6.02648362,0.705882353,0.772529732,0.333761209
28924,137,dominicks,7231,2019-11-25,1.99,0.20960245,0.528362014,0.11324985,10.96648993,0.092996052,0.330292847,0.86073903,6.02648362,0.705882353,0.772529732,0.333761209
